 EQUATION NUMBER
 ---------------------
     node   dof    eqn
      2      1      1
      2      2      2
      3      1      3
      3      2      4
      4      1      5
      4      2      6
      5      1      7
      5      2      8
      6      1      9
      6      2     10
      7      1     11
      7      2     12
      8      1     13
      8      2     14
      9      1     15
      9      2     16
     10      1     17
     10      2     18
     11      1     19
     11      2     20
     13      1     21
     13      2     22
     14      1     23
     14      2     24
     15      1     25
     15      2     26
     16      1     27
     16      2     28
     17      1     29
     17      2     30
     18      1     31
     18      2     32
     19      1     33
     19      2     34
     20      1     35
     20      2     36
     21      1     37
     21      2     38
     22      1     39
     22      2     40
     24      1     41
     24      2     42
     25      1     43
     25      2     44
     26      1     45
     26      2     46
     27      1     47
     27      2     48
     28      1     49
     28      2     50
     29      1     51
     29      2     52
     30      1     53
     30      2     54
     31      1     55
     31      2     56
     32      1     57
     32      2     58
     33      1     59
     33      2     60
     35      1     61
     35      2     62
     36      1     63
     36      2     64
     37      1     65
     37      2     66
     38      1     67
     38      2     68
     39      1     69
     39      2     70
     40      1     71
     40      2     72
     41      1     73
     41      2     74
     42      1     75
     42      2     76
     43      1     77
     43      2     78
     44      1     79
     44      2     80
     46      1     81
     46      2     82
     47      1     83
     47      2     84
     48      1     85
     48      2     86
     49      1     87
     49      2     88
     50      1     89
     50      2     90
     51      1     91
     51      2     92
     52      1     93
     52      2     94
     53      1     95
     53      2     96
     54      1     97
     54      2     98
     55      1     99
     55      2    100
     57      1    101
     57      2    102
     58      1    103
     58      2    104
     59      1    105
     59      2    106
     60      1    107
     60      2    108
     61      1    109
     61      2    110
     62      1    111
     62      2    112
     63      1    113
     63      2    114
     64      1    115
     64      2    116
     65      1    117
     65      2    118
     66      1    119
     66      2    120
     68      1    121
     68      2    122
     69      1    123
     69      2    124
     70      1    125
     70      2    126
     71      1    127
     71      2    128
     72      1    129
     72      2    130
     73      1    131
     73      2    132
     74      1    133
     74      2    134
     75      1    135
     75      2    136
     76      1    137
     76      2    138
     77      1    139
     77      2    140
     79      1    141
     79      2    142
     80      1    143
     80      2    144
     81      1    145
     81      2    146
     82      1    147
     82      2    148
     83      1    149
     83      2    150
     84      1    151
     84      2    152
     85      1    153
     85      2    154
     86      1    155
     86      2    156
     87      1    157
     87      2    158
     88      1    159
     88      2    160
     90      1    161
     90      2    162
     91      1    163
     91      2    164
     92      1    165
     92      2    166
     93      1    167
     93      2    168
     94      1    169
     94      2    170
     95      1    171
     95      2    172
     96      1    173
     96      2    174
     97      1    175
     97      2    176
     98      1    177
     98      2    178
     99      1    179
     99      2    180
    101      1    181
    101      2    182
    102      1    183
    102      2    184
    103      1    185
    103      2    186
    104      1    187
    104      2    188
    105      1    189
    105      2    190
    106      1    191
    106      2    192
    107      1    193
    107      2    194
    108      1    195
    108      2    196
    109      1    197
    109      2    198
    110      1    199
    110      2    200
    112      1    201
    112      2    202
    113      1    203
    113      2    204
    114      1    205
    114      2    206
    115      1    207
    115      2    208
    116      1    209
    116      2    210
    117      1    211
    117      2    212
    118      1    213
    118      2    214
    119      1    215
    119      2    216
    120      1    217
    120      2    218
    121      1    219
    121      2    220
 
 REQUIRED MEMORY =  0.378160E-01 MB
 
 STRAIN ENERGY =   0.444774E-07
 
 DISPLACEMENT 
 ------------------------------
   Node      Dx         Dy     
    1    0.000E+00  0.000E+00
    2   -2.198E-08 -2.048E-08
    3   -3.550E-08 -3.921E-08
    4   -4.465E-08 -5.817E-08
    5   -5.095E-08 -7.676E-08
    6   -5.510E-08 -9.480E-08
    7   -5.755E-08 -1.120E-07
    8   -5.872E-08 -1.283E-07
    9   -5.906E-08 -1.433E-07
   10   -5.902E-08 -1.573E-07
   11   -5.900E-08 -1.706E-07
   12    0.000E+00  0.000E+00
   13   -1.031E-08 -1.643E-08
   14   -2.074E-08 -3.630E-08
   15   -2.888E-08 -5.586E-08
   16   -3.493E-08 -7.506E-08
   17   -3.926E-08 -9.361E-08
   18   -4.218E-08 -1.113E-07
   19   -4.402E-08 -1.278E-07
   20   -4.505E-08 -1.431E-07
   21   -4.555E-08 -1.571E-07
   22   -4.580E-08 -1.703E-07
   23    0.000E+00  0.000E+00
   24   -6.258E-09 -1.570E-08
   25   -1.238E-08 -3.430E-08
   26   -1.817E-08 -5.391E-08
   27   -2.295E-08 -7.335E-08
   28   -2.663E-08 -9.222E-08
   29   -2.930E-08 -1.102E-07
   30   -3.112E-08 -1.270E-07
   31   -3.223E-08 -1.425E-07
   32   -3.282E-08 -1.565E-07
   33   -3.317E-08 -1.693E-07
   34    0.000E+00  0.000E+00
   35   -3.645E-09 -1.567E-08
   36   -7.235E-09 -3.355E-08
   37   -1.072E-08 -5.267E-08
   38   -1.386E-08 -7.206E-08
   39   -1.643E-08 -9.106E-08
   40   -1.839E-08 -1.092E-07
   41   -1.977E-08 -1.262E-07
   42   -2.064E-08 -1.419E-07
   43   -2.112E-08 -1.559E-07
   44   -2.143E-08 -1.682E-07
   45    0.000E+00  0.000E+00
   46   -1.700E-09 -1.574E-08
   47   -3.360E-09 -3.329E-08
   48   -5.000E-09 -5.207E-08
   49   -6.524E-09 -7.131E-08
   50   -7.828E-09 -9.032E-08
   51   -8.850E-09 -1.086E-07
   52   -9.581E-09 -1.257E-07
   53   -1.005E-08 -1.414E-07
   54   -1.031E-08 -1.555E-07
   55   -1.049E-08 -1.674E-07
   56    0.000E+00  0.000E+00
   57    1.013E-23 -1.578E-08
   58    2.368E-23 -3.323E-08
   59    3.929E-23 -5.189E-08
   60    3.991E-23 -7.107E-08
   61    4.343E-23 -9.007E-08
   62    4.053E-23 -1.084E-07
   63    3.019E-23 -1.255E-07
   64    2.275E-23 -1.413E-07
   65    1.654E-23 -1.553E-07
   66    3.970E-23 -1.671E-07
   67    0.000E+00  0.000E+00
   68    1.700E-09 -1.574E-08
   69    3.360E-09 -3.329E-08
   70    5.000E-09 -5.207E-08
   71    6.524E-09 -7.131E-08
   72    7.828E-09 -9.032E-08
   73    8.850E-09 -1.086E-07
   74    9.581E-09 -1.257E-07
   75    1.005E-08 -1.414E-07
   76    1.031E-08 -1.555E-07
   77    1.049E-08 -1.674E-07
   78    0.000E+00  0.000E+00
   79    3.645E-09 -1.567E-08
   80    7.235E-09 -3.355E-08
   81    1.072E-08 -5.267E-08
   82    1.386E-08 -7.206E-08
   83    1.643E-08 -9.106E-08
   84    1.839E-08 -1.092E-07
   85    1.977E-08 -1.262E-07
   86    2.064E-08 -1.419E-07
   87    2.112E-08 -1.559E-07
   88    2.143E-08 -1.682E-07
   89    0.000E+00  0.000E+00
   90    6.258E-09 -1.570E-08
   91    1.238E-08 -3.430E-08
   92    1.817E-08 -5.391E-08
   93    2.295E-08 -7.335E-08
   94    2.663E-08 -9.222E-08
   95    2.930E-08 -1.102E-07
   96    3.112E-08 -1.270E-07
   97    3.223E-08 -1.425E-07
   98    3.282E-08 -1.565E-07
   99    3.317E-08 -1.693E-07
  100    0.000E+00  0.000E+00
  101    1.031E-08 -1.643E-08
  102    2.074E-08 -3.630E-08
  103    2.888E-08 -5.586E-08
  104    3.493E-08 -7.506E-08
  105    3.926E-08 -9.361E-08
  106    4.218E-08 -1.113E-07
  107    4.402E-08 -1.278E-07
  108    4.505E-08 -1.431E-07
  109    4.555E-08 -1.571E-07
  110    4.580E-08 -1.703E-07
  111    0.000E+00  0.000E+00
  112    2.198E-08 -2.048E-08
  113    3.550E-08 -3.921E-08
  114    4.465E-08 -5.817E-08
  115    5.095E-08 -7.676E-08
  116    5.510E-08 -9.480E-08
  117    5.755E-08 -1.120E-07
  118    5.872E-08 -1.283E-07
  119    5.906E-08 -1.433E-07
  120    5.902E-08 -1.573E-07
  121    5.900E-08 -1.706E-07
 
 STRESS of ELEMENT :    1
 ----------------------------------------------
  Position       Sxx        Syy        Sxy     
    1         -2.270E+00 -1.231E-01 -5.430E-01
    2         -3.564E+00 -5.113E-01 -7.001E-01
    3         -2.404E+00 -5.718E-01 -9.960E-01
    4         -3.698E+00 -9.600E-01 -1.153E+00
 
 STRESS of ELEMENT :    2
 ----------------------------------------------
  Position       Sxx        Syy        Sxy     
    1         -1.946E+00 -3.278E-02 -3.714E-01
    2         -2.287E+00 -1.351E-01 -3.275E-01
    3         -1.909E+00  9.282E-02 -4.908E-01
    4         -2.250E+00 -9.514E-03 -4.469E-01
 
 STRESS of ELEMENT :    3
 ----------------------------------------------
  Position       Sxx        Syy        Sxy     
    1         -1.463E+00 -1.292E-02 -2.610E-01
    2         -1.575E+00 -4.659E-02 -2.376E-01
    3         -1.443E+00  5.408E-02 -3.003E-01
    4         -1.555E+00  2.040E-02 -2.768E-01
 
 STRESS of ELEMENT :    4
 ----------------------------------------------
  Position       Sxx        Syy        Sxy     
    1         -1.067E+00 -1.273E-03 -2.087E-01
    2         -1.096E+00 -9.767E-03 -1.848E-01
    3         -1.047E+00  6.692E-02 -2.186E-01
    4         -1.075E+00  5.843E-02 -1.947E-01
 
 STRESS of ELEMENT :    5
 ----------------------------------------------
  Position       Sxx        Syy        Sxy     
    1         -7.477E-01  2.906E-03 -1.722E-01
    2         -7.277E-01  8.897E-03 -1.528E-01
    3         -7.310E-01  5.841E-02 -1.652E-01
    4         -7.110E-01  6.440E-02 -1.458E-01
 
 STRESS of ELEMENT :    6
 ----------------------------------------------
  Position       Sxx        Syy        Sxy     
    1         -4.922E-01  5.030E-03 -1.412E-01
    2         -4.395E-01  2.086E-02 -1.254E-01
    3         -4.787E-01  5.010E-02 -1.227E-01
    4         -4.260E-01  6.592E-02 -1.069E-01
 
 STRESS of ELEMENT :    7
 ----------------------------------------------
  Position       Sxx        Syy        Sxy     
    1         -2.943E-01  7.142E-03 -1.091E-01
    2         -2.212E-01  2.909E-02 -9.717E-02
    3         -2.841E-01  4.113E-02 -8.347E-02
    4         -2.110E-01  6.307E-02 -7.157E-02
 
 STRESS of ELEMENT :    8
 ----------------------------------------------
  Position       Sxx        Syy        Sxy     
    1         -1.513E-01  1.145E-02 -7.219E-02
    2         -7.379E-02  3.470E-02 -6.451E-02
    3         -1.447E-01  3.340E-02 -4.507E-02
    4         -6.721E-02  5.665E-02 -3.739E-02
 
 STRESS of ELEMENT :    9
 ----------------------------------------------
  Position       Sxx        Syy        Sxy     
    1         -6.040E-02  2.265E-02 -2.989E-02
    2         -5.333E-04  4.061E-02 -2.742E-02
    3         -5.829E-02  2.969E-02 -8.932E-03
    4          1.579E-03  4.765E-02 -6.468E-03
 
 STRESS of ELEMENT :   10
 ----------------------------------------------
  Position       Sxx        Syy        Sxy     
    1         -1.705E-02  5.354E-02  3.873E-03
    2          1.166E-02  6.215E-02 -1.822E-03
    3         -2.193E-02  3.727E-02  1.392E-02
    4          6.774E-03  4.588E-02  8.225E-03
 
 STRESS of ELEMENT :   11
 ----------------------------------------------
  Position       Sxx        Syy        Sxy     
    1         -1.333E+00 -2.994E-01 -8.508E-01
    2         -1.782E+00 -4.342E-01 -8.791E-01
    3         -1.357E+00 -3.802E-01 -1.008E+00
    4         -1.806E+00 -5.150E-01 -1.036E+00
 
 STRESS of ELEMENT :   12
 ----------------------------------------------
  Position       Sxx        Syy        Sxy     
    1         -1.252E+00 -7.361E-02 -7.674E-01
    2         -1.729E+00 -2.168E-01 -8.165E-01
    3         -1.294E+00 -2.140E-01 -9.344E-01
    4         -1.771E+00 -3.572E-01 -9.836E-01
 
 STRESS of ELEMENT :   13
 ----------------------------------------------
  Position       Sxx        Syy        Sxy     
    1         -1.093E+00  1.483E-02 -6.303E-01
    2         -1.354E+00 -6.339E-02 -6.287E-01
    3         -1.092E+00  1.950E-02 -7.216E-01
    4         -1.353E+00 -5.871E-02 -7.199E-01
 
 STRESS of ELEMENT :   14
 ----------------------------------------------
  Position       Sxx        Syy        Sxy     
    1         -8.677E-01  4.699E-02 -5.159E-01
    2         -1.009E+00  4.593E-03 -5.064E-01
    3         -8.595E-01  7.430E-02 -5.654E-01
    4         -1.001E+00  3.190E-02 -5.558E-01
 
 STRESS of ELEMENT :   15
 ----------------------------------------------
  Position       Sxx        Syy        Sxy     
    1         -6.494E-01  5.866E-02 -4.240E-01
    2         -7.203E-01  3.738E-02 -4.114E-01
    3         -6.386E-01  9.464E-02 -4.488E-01
    4         -7.096E-01  7.336E-02 -4.363E-01
 
 STRESS of ELEMENT :   16
 ----------------------------------------------
  Position       Sxx        Syy        Sxy     
    1         -4.583E-01  6.100E-02 -3.408E-01
    2         -4.862E-01  5.261E-02 -3.286E-01
    3         -4.479E-01  9.561E-02 -3.505E-01
    4         -4.758E-01  8.722E-02 -3.384E-01
 
 STRESS of ELEMENT :   17
 ----------------------------------------------
  Position       Sxx        Syy        Sxy     
    1         -2.997E-01  5.966E-02 -2.585E-01
    2         -3.023E-01  5.889E-02 -2.480E-01
    3         -2.907E-01  8.972E-02 -2.594E-01
    4         -2.933E-01  8.895E-02 -2.489E-01
 
 STRESS of ELEMENT :   18
 ----------------------------------------------
  Position       Sxx        Syy        Sxy     
    1         -1.734E-01  5.987E-02 -1.738E-01
    2         -1.647E-01  6.247E-02 -1.660E-01
    3         -1.667E-01  8.214E-02 -1.707E-01
    4         -1.580E-01  8.475E-02 -1.629E-01
 
 STRESS of ELEMENT :   19
 ----------------------------------------------
  Position       Sxx        Syy        Sxy     
    1         -7.721E-02  7.469E-02 -8.880E-02
    2         -6.717E-02  7.770E-02 -8.694E-02
    3         -7.561E-02  8.000E-02 -8.529E-02
    4         -6.558E-02  8.301E-02 -8.343E-02
 
 STRESS of ELEMENT :   20
 ----------------------------------------------
  Position       Sxx        Syy        Sxy     
    1         -1.404E-02  1.449E-01 -1.472E-02
    2         -2.100E-03  1.485E-01 -2.965E-02
    3         -2.684E-02  1.022E-01 -1.054E-02
    4         -1.490E-02  1.058E-01 -2.547E-02
 
 STRESS of ELEMENT :   21
 ----------------------------------------------
  Position       Sxx        Syy        Sxy     
    1         -8.043E-01 -2.365E-01 -9.150E-01
    2         -1.094E+00 -3.234E-01 -9.163E-01
    3         -8.054E-01 -2.403E-01 -1.016E+00
    4         -1.095E+00 -3.272E-01 -1.018E+00
 
 STRESS of ELEMENT :   22
 ----------------------------------------------
  Position       Sxx        Syy        Sxy     
    1         -7.573E-01 -1.215E-01 -9.016E-01
    2         -1.039E+00 -2.058E-01 -9.297E-01
    3         -7.814E-01 -2.017E-01 -1.000E+00
    4         -1.063E+00 -2.860E-01 -1.028E+00
 
 STRESS of ELEMENT :   23
 ----------------------------------------------
  Position       Sxx        Syy        Sxy     
    1         -6.964E-01 -9.997E-03 -8.236E-01
    2         -9.518E-01 -8.662E-02 -8.423E-01
    3         -7.124E-01 -6.347E-02 -9.130E-01
    4         -9.678E-01 -1.401E-01 -9.317E-01
 
 STRESS of ELEMENT :   24
 ----------------------------------------------
  Position       Sxx        Syy        Sxy     
    1         -5.955E-01  4.506E-02 -7.164E-01
    2         -7.771E-01 -9.410E-03 -7.184E-01
    3         -5.972E-01  3.943E-02 -7.800E-01
    4         -7.788E-01 -1.504E-02 -7.819E-01
 
 STRESS of ELEMENT :   25
 ----------------------------------------------
  Position       Sxx        Syy        Sxy     
    1         -4.710E-01  6.680E-02 -6.052E-01
    2         -5.936E-01  3.004E-02 -6.003E-01
    3         -4.668E-01  8.086E-02 -6.481E-01
    4         -5.893E-01  4.411E-02 -6.432E-01
 
 STRESS of ELEMENT :   26
 ----------------------------------------------
  Position       Sxx        Syy        Sxy     
    1         -3.476E-01  7.159E-02 -4.947E-01
    2         -4.266E-01  4.790E-02 -4.869E-01
    3         -3.409E-01  9.376E-02 -5.223E-01
    4         -4.199E-01  7.007E-02 -5.145E-01
 
 STRESS of ELEMENT :   27
 ----------------------------------------------
  Position       Sxx        Syy        Sxy     
    1         -2.361E-01  6.897E-02 -3.839E-01
    2         -2.843E-01  5.451E-02 -3.758E-01
    3         -2.292E-01  9.204E-02 -4.008E-01
    4         -2.774E-01  7.758E-02 -3.927E-01
 
 STRESS of ELEMENT :   28
 ----------------------------------------------
  Position       Sxx        Syy        Sxy     
    1         -1.401E-01  6.836E-02 -2.726E-01
    2         -1.671E-01  6.025E-02 -2.664E-01
    3         -1.348E-01  8.585E-02 -2.820E-01
    4         -1.619E-01  7.774E-02 -2.759E-01
 
 STRESS of ELEMENT :   29
 ----------------------------------------------
  Position       Sxx        Syy        Sxy     
    1         -6.076E-02  8.878E-02 -1.608E-01
    2         -7.328E-02  8.502E-02 -1.615E-01
    3         -6.135E-02  8.681E-02 -1.651E-01
    4         -7.387E-02  8.305E-02 -1.658E-01
 
 STRESS of ELEMENT :   30
 ----------------------------------------------
  Position       Sxx        Syy        Sxy     
    1         -4.066E-03  1.732E-01 -4.508E-02
    2         -8.454E-03  1.719E-01 -6.389E-02
    3         -2.019E-02  1.195E-01 -4.661E-02
    4         -2.458E-02  1.182E-01 -6.542E-02
 
 STRESS of ELEMENT :   31
 ----------------------------------------------
  Position       Sxx        Syy        Sxy     
    1         -4.087E-01 -1.328E-01 -9.538E-01
    2         -6.243E-01 -1.975E-01 -9.509E-01
    3         -4.062E-01 -1.246E-01 -1.029E+00
    4         -6.218E-01 -1.893E-01 -1.026E+00
 
 STRESS of ELEMENT :   32
 ----------------------------------------------
  Position       Sxx        Syy        Sxy     
    1         -3.863E-01 -8.307E-02 -9.508E-01
    2         -6.001E-01 -1.472E-01 -9.637E-01
    3         -3.973E-01 -1.199E-01 -1.026E+00
    4         -6.112E-01 -1.841E-01 -1.039E+00
 
 STRESS of ELEMENT :   33
 ----------------------------------------------
  Position       Sxx        Syy        Sxy     
    1         -3.591E-01 -1.555E-02 -9.088E-01
    2         -5.633E-01 -7.682E-02 -9.221E-01
    3         -3.705E-01 -5.345E-02 -9.803E-01
    4         -5.747E-01 -1.147E-01 -9.936E-01
 
 STRESS of ELEMENT :   34
 ----------------------------------------------
  Position       Sxx        Syy        Sxy     
    1         -3.166E-01  3.129E-02 -8.254E-01
    2         -4.957E-01 -2.244E-02 -8.314E-01
    3         -3.218E-01  1.402E-02 -8.881E-01
    4         -5.008E-01 -3.970E-02 -8.941E-01
 
 STRESS of ELEMENT :   35
 ----------------------------------------------
  Position       Sxx        Syy        Sxy     
    1         -2.592E-01  5.219E-02 -7.172E-01
    2         -4.003E-01  9.849E-03 -7.166E-01
    3         -2.587E-01  5.385E-02 -7.666E-01
    4         -3.998E-01  1.151E-02 -7.660E-01
 
 STRESS of ELEMENT :   36
 ----------------------------------------------
  Position       Sxx        Syy        Sxy     
    1         -1.961E-01  5.688E-02 -5.977E-01
    2         -3.004E-01  2.562E-02 -5.938E-01
    3         -1.928E-01  6.787E-02 -6.341E-01
    4         -2.971E-01  3.661E-02 -6.303E-01
 
 STRESS of ELEMENT :   37
 ----------------------------------------------
  Position       Sxx        Syy        Sxy     
    1         -1.353E-01  5.419E-02 -4.740E-01
    2         -2.071E-01  3.268E-02 -4.691E-01
    3         -1.312E-01  6.808E-02 -4.991E-01
    4         -2.029E-01  4.657E-02 -4.942E-01
 
 STRESS of ELEMENT :   38
 ----------------------------------------------
  Position       Sxx        Syy        Sxy     
    1         -8.017E-02  5.339E-02 -3.488E-01
    2         -1.247E-01  4.003E-02 -3.452E-01
    3         -7.710E-02  6.363E-02 -3.644E-01
    4         -1.216E-01  5.027E-02 -3.608E-01
 
 STRESS of ELEMENT :   39
 ----------------------------------------------
  Position       Sxx        Syy        Sxy     
    1         -3.235E-02  7.032E-02 -2.196E-01
    2         -5.630E-02  6.313E-02 -2.213E-01
    3         -3.379E-02  6.550E-02 -2.280E-01
    4         -5.775E-02  5.831E-02 -2.297E-01
 
 STRESS of ELEMENT :   40
 ----------------------------------------------
  Position       Sxx        Syy        Sxy     
    1          4.243E-03  1.353E-01 -7.305E-02
    2         -1.043E-02  1.309E-01 -8.780E-02
    3         -8.395E-03  9.314E-02 -7.819E-02
    4         -2.307E-02  8.873E-02 -9.293E-02
 
 STRESS of ELEMENT :   41
 ----------------------------------------------
  Position       Sxx        Syy        Sxy     
    1         -7.063E-02 -2.620E-02 -9.698E-01
    2         -2.591E-01 -8.273E-02 -9.683E-01
    3         -6.942E-02 -2.217E-02 -1.036E+00
    4         -2.579E-01 -7.870E-02 -1.034E+00
 
 STRESS of ELEMENT :   42
 ----------------------------------------------
  Position       Sxx        Syy        Sxy     
    1         -6.514E-02 -1.278E-02 -9.718E-01
    2         -2.492E-01 -6.799E-02 -9.755E-01
    3         -6.830E-02 -2.333E-02 -1.036E+00
    4         -2.524E-01 -7.855E-02 -1.040E+00
 
 STRESS of ELEMENT :   43
 ----------------------------------------------
  Position       Sxx        Syy        Sxy     
    1         -5.783E-02  9.004E-03 -9.431E-01
    2         -2.396E-01 -4.551E-02 -9.476E-01
    3         -6.171E-02 -3.927E-03 -1.007E+00
    4         -2.434E-01 -5.844E-02 -1.011E+00
 
 STRESS of ELEMENT :   44
 ----------------------------------------------
  Position       Sxx        Syy        Sxy     
    1         -4.871E-02  2.522E-02 -8.726E-01
    2         -2.177E-01 -2.547E-02 -8.752E-01
    3         -5.093E-02  1.784E-02 -9.318E-01
    4         -2.199E-01 -3.285E-02 -9.344E-01
 
 STRESS of ELEMENT :   45
 ----------------------------------------------
  Position       Sxx        Syy        Sxy     
    1         -3.858E-02  3.190E-02 -7.696E-01
    2         -1.831E-01 -1.146E-02 -7.699E-01
    3         -3.886E-02  3.095E-02 -8.202E-01
    4         -1.834E-01 -1.241E-02 -8.205E-01
 
 STRESS of ELEMENT :   46
 ----------------------------------------------
  Position       Sxx        Syy        Sxy     
    1         -2.831E-02  3.137E-02 -6.485E-01
    2         -1.416E-01 -2.601E-03 -6.474E-01
    3         -2.736E-02  3.453E-02 -6.881E-01
    4         -1.406E-01  5.579E-04 -6.870E-01
 
 STRESS of ELEMENT :   47
 ----------------------------------------------
  Position       Sxx        Syy        Sxy     
    1         -1.872E-02  2.757E-02 -5.202E-01
    2         -9.976E-02  3.256E-03 -5.186E-01
    3         -1.736E-02  3.210E-02 -5.486E-01
    4         -9.840E-02  7.787E-03 -5.470E-01
 
 STRESS of ELEMENT :   48
 ----------------------------------------------
  Position       Sxx        Syy        Sxy     
    1         -9.790E-03  2.467E-02 -3.894E-01
    2         -6.140E-02  9.188E-03 -3.882E-01
    3         -8.810E-03  2.794E-02 -4.074E-01
    4         -6.042E-02  1.246E-02 -4.063E-01
 
 STRESS of ELEMENT :   49
 ----------------------------------------------
  Position       Sxx        Syy        Sxy     
    1         -8.562E-04  2.917E-02 -2.523E-01
    2         -2.970E-02  2.052E-02 -2.531E-01
    3         -1.558E-03  2.683E-02 -2.624E-01
    4         -3.040E-02  1.818E-02 -2.632E-01
 
 STRESS of ELEMENT :   50
 ----------------------------------------------
  Position       Sxx        Syy        Sxy     
    1          9.084E-03  5.243E-02 -9.147E-02
    2         -1.087E-02  4.645E-02 -9.696E-02
    3          4.378E-03  3.675E-02 -9.846E-02
    4         -1.557E-02  3.076E-02 -1.039E-01
 
 STRESS of ELEMENT :   51
 ----------------------------------------------
  Position       Sxx        Syy        Sxy     
    1          2.591E-01  8.273E-02 -9.683E-01
    2          7.063E-02  2.620E-02 -9.698E-01
    3          2.579E-01  7.870E-02 -1.034E+00
    4          6.942E-02  2.217E-02 -1.036E+00
 
 STRESS of ELEMENT :   52
 ----------------------------------------------
  Position       Sxx        Syy        Sxy     
    1          2.492E-01  6.799E-02 -9.755E-01
    2          6.514E-02  1.278E-02 -9.718E-01
    3          2.524E-01  7.855E-02 -1.040E+00
    4          6.830E-02  2.333E-02 -1.036E+00
 
 STRESS of ELEMENT :   53
 ----------------------------------------------
  Position       Sxx        Syy        Sxy     
    1          2.396E-01  4.551E-02 -9.476E-01
    2          5.783E-02 -9.004E-03 -9.431E-01
    3          2.434E-01  5.844E-02 -1.011E+00
    4          6.171E-02  3.927E-03 -1.007E+00
 
 STRESS of ELEMENT :   54
 ----------------------------------------------
  Position       Sxx        Syy        Sxy     
    1          2.177E-01  2.547E-02 -8.752E-01
    2          4.871E-02 -2.522E-02 -8.726E-01
    3          2.199E-01  3.285E-02 -9.344E-01
    4          5.093E-02 -1.784E-02 -9.318E-01
 
 STRESS of ELEMENT :   55
 ----------------------------------------------
  Position       Sxx        Syy        Sxy     
    1          1.831E-01  1.146E-02 -7.699E-01
    2          3.858E-02 -3.190E-02 -7.696E-01
    3          1.834E-01  1.241E-02 -8.205E-01
    4          3.886E-02 -3.095E-02 -8.202E-01
 
 STRESS of ELEMENT :   56
 ----------------------------------------------
  Position       Sxx        Syy        Sxy     
    1          1.416E-01  2.601E-03 -6.474E-01
    2          2.831E-02 -3.137E-02 -6.485E-01
    3          1.406E-01 -5.579E-04 -6.870E-01
    4          2.736E-02 -3.453E-02 -6.881E-01
 
 STRESS of ELEMENT :   57
 ----------------------------------------------
  Position       Sxx        Syy        Sxy     
    1          9.976E-02 -3.256E-03 -5.186E-01
    2          1.872E-02 -2.757E-02 -5.202E-01
    3          9.840E-02 -7.787E-03 -5.470E-01
    4          1.736E-02 -3.210E-02 -5.486E-01
 
 STRESS of ELEMENT :   58
 ----------------------------------------------
  Position       Sxx        Syy        Sxy     
    1          6.140E-02 -9.188E-03 -3.882E-01
    2          9.790E-03 -2.467E-02 -3.894E-01
    3          6.042E-02 -1.246E-02 -4.063E-01
    4          8.810E-03 -2.794E-02 -4.074E-01
 
 STRESS of ELEMENT :   59
 ----------------------------------------------
  Position       Sxx        Syy        Sxy     
    1          2.970E-02 -2.052E-02 -2.531E-01
    2          8.562E-04 -2.917E-02 -2.523E-01
    3          3.040E-02 -1.818E-02 -2.632E-01
    4          1.558E-03 -2.683E-02 -2.624E-01
 
 STRESS of ELEMENT :   60
 ----------------------------------------------
  Position       Sxx        Syy        Sxy     
    1          1.087E-02 -4.645E-02 -9.696E-02
    2         -9.084E-03 -5.243E-02 -9.147E-02
    3          1.557E-02 -3.076E-02 -1.039E-01
    4         -4.378E-03 -3.675E-02 -9.846E-02
 
 STRESS of ELEMENT :   61
 ----------------------------------------------
  Position       Sxx        Syy        Sxy     
    1          6.243E-01  1.975E-01 -9.509E-01
    2          4.087E-01  1.328E-01 -9.538E-01
    3          6.218E-01  1.893E-01 -1.026E+00
    4          4.062E-01  1.246E-01 -1.029E+00
 
 STRESS of ELEMENT :   62
 ----------------------------------------------
  Position       Sxx        Syy        Sxy     
    1          6.001E-01  1.472E-01 -9.637E-01
    2          3.863E-01  8.307E-02 -9.508E-01
    3          6.112E-01  1.841E-01 -1.039E+00
    4          3.973E-01  1.199E-01 -1.026E+00
 
 STRESS of ELEMENT :   63
 ----------------------------------------------
  Position       Sxx        Syy        Sxy     
    1          5.633E-01  7.682E-02 -9.221E-01
    2          3.591E-01  1.555E-02 -9.088E-01
    3          5.747E-01  1.147E-01 -9.936E-01
    4          3.705E-01  5.345E-02 -9.803E-01
 
 STRESS of ELEMENT :   64
 ----------------------------------------------
  Position       Sxx        Syy        Sxy     
    1          4.957E-01  2.244E-02 -8.314E-01
    2          3.166E-01 -3.129E-02 -8.254E-01
    3          5.008E-01  3.970E-02 -8.941E-01
    4          3.218E-01 -1.402E-02 -8.881E-01
 
 STRESS of ELEMENT :   65
 ----------------------------------------------
  Position       Sxx        Syy        Sxy     
    1          4.003E-01 -9.849E-03 -7.166E-01
    2          2.592E-01 -5.219E-02 -7.172E-01
    3          3.998E-01 -1.151E-02 -7.660E-01
    4          2.587E-01 -5.385E-02 -7.666E-01
 
 STRESS of ELEMENT :   66
 ----------------------------------------------
  Position       Sxx        Syy        Sxy     
    1          3.004E-01 -2.562E-02 -5.938E-01
    2          1.961E-01 -5.688E-02 -5.977E-01
    3          2.971E-01 -3.661E-02 -6.303E-01
    4          1.928E-01 -6.787E-02 -6.341E-01
 
 STRESS of ELEMENT :   67
 ----------------------------------------------
  Position       Sxx        Syy        Sxy     
    1          2.071E-01 -3.268E-02 -4.691E-01
    2          1.353E-01 -5.419E-02 -4.740E-01
    3          2.029E-01 -4.657E-02 -4.942E-01
    4          1.312E-01 -6.808E-02 -4.991E-01
 
 STRESS of ELEMENT :   68
 ----------------------------------------------
  Position       Sxx        Syy        Sxy     
    1          1.247E-01 -4.003E-02 -3.452E-01
    2          8.017E-02 -5.339E-02 -3.488E-01
    3          1.216E-01 -5.027E-02 -3.608E-01
    4          7.710E-02 -6.363E-02 -3.644E-01
 
 STRESS of ELEMENT :   69
 ----------------------------------------------
  Position       Sxx        Syy        Sxy     
    1          5.630E-02 -6.313E-02 -2.213E-01
    2          3.235E-02 -7.032E-02 -2.196E-01
    3          5.775E-02 -5.831E-02 -2.297E-01
    4          3.379E-02 -6.550E-02 -2.280E-01
 
 STRESS of ELEMENT :   70
 ----------------------------------------------
  Position       Sxx        Syy        Sxy     
    1          1.043E-02 -1.309E-01 -8.780E-02
    2         -4.243E-03 -1.353E-01 -7.305E-02
    3          2.307E-02 -8.873E-02 -9.293E-02
    4          8.395E-03 -9.314E-02 -7.819E-02
 
 STRESS of ELEMENT :   71
 ----------------------------------------------
  Position       Sxx        Syy        Sxy     
    1          1.094E+00  3.234E-01 -9.163E-01
    2          8.043E-01  2.365E-01 -9.150E-01
    3          1.095E+00  3.272E-01 -1.018E+00
    4          8.054E-01  2.403E-01 -1.016E+00
 
 STRESS of ELEMENT :   72
 ----------------------------------------------
  Position       Sxx        Syy        Sxy     
    1          1.039E+00  2.058E-01 -9.297E-01
    2          7.573E-01  1.215E-01 -9.016E-01
    3          1.063E+00  2.860E-01 -1.028E+00
    4          7.814E-01  2.017E-01 -1.000E+00
 
 STRESS of ELEMENT :   73
 ----------------------------------------------
  Position       Sxx        Syy        Sxy     
    1          9.518E-01  8.662E-02 -8.423E-01
    2          6.964E-01  9.997E-03 -8.236E-01
    3          9.678E-01  1.401E-01 -9.317E-01
    4          7.124E-01  6.347E-02 -9.130E-01
 
 STRESS of ELEMENT :   74
 ----------------------------------------------
  Position       Sxx        Syy        Sxy     
    1          7.771E-01  9.410E-03 -7.184E-01
    2          5.955E-01 -4.506E-02 -7.164E-01
    3          7.788E-01  1.504E-02 -7.819E-01
    4          5.972E-01 -3.943E-02 -7.800E-01
 
 STRESS of ELEMENT :   75
 ----------------------------------------------
  Position       Sxx        Syy        Sxy     
    1          5.936E-01 -3.004E-02 -6.003E-01
    2          4.710E-01 -6.680E-02 -6.052E-01
    3          5.893E-01 -4.411E-02 -6.432E-01
    4          4.668E-01 -8.086E-02 -6.481E-01
 
 STRESS of ELEMENT :   76
 ----------------------------------------------
  Position       Sxx        Syy        Sxy     
    1          4.266E-01 -4.790E-02 -4.869E-01
    2          3.476E-01 -7.159E-02 -4.947E-01
    3          4.199E-01 -7.007E-02 -5.145E-01
    4          3.409E-01 -9.376E-02 -5.223E-01
 
 STRESS of ELEMENT :   77
 ----------------------------------------------
  Position       Sxx        Syy        Sxy     
    1          2.843E-01 -5.451E-02 -3.758E-01
    2          2.361E-01 -6.897E-02 -3.839E-01
    3          2.774E-01 -7.758E-02 -3.927E-01
    4          2.292E-01 -9.204E-02 -4.008E-01
 
 STRESS of ELEMENT :   78
 ----------------------------------------------
  Position       Sxx        Syy        Sxy     
    1          1.671E-01 -6.025E-02 -2.664E-01
    2          1.401E-01 -6.836E-02 -2.726E-01
    3          1.619E-01 -7.774E-02 -2.759E-01
    4          1.348E-01 -8.585E-02 -2.820E-01
 
 STRESS of ELEMENT :   79
 ----------------------------------------------
  Position       Sxx        Syy        Sxy     
    1          7.328E-02 -8.502E-02 -1.615E-01
    2          6.076E-02 -8.878E-02 -1.608E-01
    3          7.387E-02 -8.305E-02 -1.658E-01
    4          6.135E-02 -8.681E-02 -1.651E-01
 
 STRESS of ELEMENT :   80
 ----------------------------------------------
  Position       Sxx        Syy        Sxy     
    1          8.454E-03 -1.719E-01 -6.389E-02
    2          4.066E-03 -1.732E-01 -4.508E-02
    3          2.458E-02 -1.182E-01 -6.542E-02
    4          2.019E-02 -1.195E-01 -4.661E-02
 
 STRESS of ELEMENT :   81
 ----------------------------------------------
  Position       Sxx        Syy        Sxy     
    1          1.782E+00  4.342E-01 -8.791E-01
    2          1.333E+00  2.994E-01 -8.508E-01
    3          1.806E+00  5.150E-01 -1.036E+00
    4          1.357E+00  3.802E-01 -1.008E+00
 
 STRESS of ELEMENT :   82
 ----------------------------------------------
  Position       Sxx        Syy        Sxy     
    1          1.729E+00  2.168E-01 -8.165E-01
    2          1.252E+00  7.361E-02 -7.674E-01
    3          1.771E+00  3.572E-01 -9.836E-01
    4          1.294E+00  2.140E-01 -9.344E-01
 
 STRESS of ELEMENT :   83
 ----------------------------------------------
  Position       Sxx        Syy        Sxy     
    1          1.354E+00  6.339E-02 -6.287E-01
    2          1.093E+00 -1.483E-02 -6.303E-01
    3          1.353E+00  5.871E-02 -7.199E-01
    4          1.092E+00 -1.950E-02 -7.216E-01
 
 STRESS of ELEMENT :   84
 ----------------------------------------------
  Position       Sxx        Syy        Sxy     
    1          1.009E+00 -4.593E-03 -5.064E-01
    2          8.677E-01 -4.699E-02 -5.159E-01
    3          1.001E+00 -3.190E-02 -5.558E-01
    4          8.595E-01 -7.430E-02 -5.654E-01
 
 STRESS of ELEMENT :   85
 ----------------------------------------------
  Position       Sxx        Syy        Sxy     
    1          7.203E-01 -3.738E-02 -4.114E-01
    2          6.494E-01 -5.866E-02 -4.240E-01
    3          7.096E-01 -7.336E-02 -4.363E-01
    4          6.386E-01 -9.464E-02 -4.488E-01
 
 STRESS of ELEMENT :   86
 ----------------------------------------------
  Position       Sxx        Syy        Sxy     
    1          4.862E-01 -5.261E-02 -3.286E-01
    2          4.583E-01 -6.100E-02 -3.408E-01
    3          4.758E-01 -8.722E-02 -3.384E-01
    4          4.479E-01 -9.561E-02 -3.505E-01
 
 STRESS of ELEMENT :   87
 ----------------------------------------------
  Position       Sxx        Syy        Sxy     
    1          3.023E-01 -5.889E-02 -2.480E-01
    2          2.997E-01 -5.966E-02 -2.585E-01
    3          2.933E-01 -8.895E-02 -2.489E-01
    4          2.907E-01 -8.972E-02 -2.594E-01
 
 STRESS of ELEMENT :   88
 ----------------------------------------------
  Position       Sxx        Syy        Sxy     
    1          1.647E-01 -6.247E-02 -1.660E-01
    2          1.734E-01 -5.987E-02 -1.738E-01
    3          1.580E-01 -8.475E-02 -1.629E-01
    4          1.667E-01 -8.214E-02 -1.707E-01
 
 STRESS of ELEMENT :   89
 ----------------------------------------------
  Position       Sxx        Syy        Sxy     
    1          6.717E-02 -7.770E-02 -8.694E-02
    2          7.721E-02 -7.469E-02 -8.880E-02
    3          6.558E-02 -8.301E-02 -8.343E-02
    4          7.561E-02 -8.000E-02 -8.529E-02
 
 STRESS of ELEMENT :   90
 ----------------------------------------------
  Position       Sxx        Syy        Sxy     
    1          2.100E-03 -1.485E-01 -2.965E-02
    2          1.404E-02 -1.449E-01 -1.472E-02
    3          1.490E-02 -1.058E-01 -2.547E-02
    4          2.684E-02 -1.022E-01 -1.054E-02
 
 STRESS of ELEMENT :   91
 ----------------------------------------------
  Position       Sxx        Syy        Sxy     
    1          3.564E+00  5.113E-01 -7.001E-01
    2          2.270E+00  1.231E-01 -5.430E-01
    3          3.698E+00  9.600E-01 -1.153E+00
    4          2.404E+00  5.718E-01 -9.960E-01
 
 STRESS of ELEMENT :   92
 ----------------------------------------------
  Position       Sxx        Syy        Sxy     
    1          2.287E+00  1.351E-01 -3.275E-01
    2          1.946E+00  3.278E-02 -3.714E-01
    3          2.250E+00  9.514E-03 -4.469E-01
    4          1.909E+00 -9.282E-02 -4.908E-01
 
 STRESS of ELEMENT :   93
 ----------------------------------------------
  Position       Sxx        Syy        Sxy     
    1          1.575E+00  4.659E-02 -2.376E-01
    2          1.463E+00  1.292E-02 -2.610E-01
    3          1.555E+00 -2.040E-02 -2.768E-01
    4          1.443E+00 -5.408E-02 -3.003E-01
 
 STRESS of ELEMENT :   94
 ----------------------------------------------
  Position       Sxx        Syy        Sxy     
    1          1.096E+00  9.767E-03 -1.848E-01
    2          1.067E+00  1.273E-03 -2.087E-01
    3          1.075E+00 -5.843E-02 -1.947E-01
    4          1.047E+00 -6.692E-02 -2.186E-01
 
 STRESS of ELEMENT :   95
 ----------------------------------------------
  Position       Sxx        Syy        Sxy     
    1          7.277E-01 -8.897E-03 -1.528E-01
    2          7.477E-01 -2.906E-03 -1.722E-01
    3          7.110E-01 -6.440E-02 -1.458E-01
    4          7.310E-01 -5.841E-02 -1.652E-01
 
 STRESS of ELEMENT :   96
 ----------------------------------------------
  Position       Sxx        Syy        Sxy     
    1          4.395E-01 -2.086E-02 -1.254E-01
    2          4.922E-01 -5.030E-03 -1.412E-01
    3          4.260E-01 -6.592E-02 -1.069E-01
    4          4.787E-01 -5.010E-02 -1.227E-01
 
 STRESS of ELEMENT :   97
 ----------------------------------------------
  Position       Sxx        Syy        Sxy     
    1          2.212E-01 -2.909E-02 -9.717E-02
    2          2.943E-01 -7.142E-03 -1.091E-01
    3          2.110E-01 -6.307E-02 -7.157E-02
    4          2.841E-01 -4.113E-02 -8.347E-02
 
 STRESS of ELEMENT :   98
 ----------------------------------------------
  Position       Sxx        Syy        Sxy     
    1          7.379E-02 -3.470E-02 -6.451E-02
    2          1.513E-01 -1.145E-02 -7.219E-02
    3          6.721E-02 -5.665E-02 -3.739E-02
    4          1.447E-01 -3.340E-02 -4.507E-02
 
 STRESS of ELEMENT :   99
 ----------------------------------------------
  Position       Sxx        Syy        Sxy     
    1          5.333E-04 -4.061E-02 -2.742E-02
    2          6.040E-02 -2.265E-02 -2.989E-02
    3         -1.579E-03 -4.765E-02 -6.468E-03
    4          5.829E-02 -2.969E-02 -8.932E-03
 
 STRESS of ELEMENT :  100
 ----------------------------------------------
  Position       Sxx        Syy        Sxy     
    1         -1.166E-02 -6.215E-02 -1.822E-03
    2          1.705E-02 -5.354E-02  3.873E-03
    3         -6.774E-03 -4.588E-02  8.225E-03
    4          2.193E-02 -3.727E-02  1.392E-02
 
