         100
  0.117214E+07
   0.00000E+00  0.00000E+00  0.00000E+00  0.00000E+00 -2.26952E+00 -1.23068E-01 -5.43038E-01  1.00000E-01  0.00000E+00 -2.19849E-08 -2.04802E-08 -3.56357E+00 -5.11282E-01 -7.00088E-01  1.00000E-01  1.00000E-01 -1.03112E-08 -1.64323E-08 -2.40414E+00 -5.71782E-01 -9.95954E-01  0.00000E+00  1.00000E-01  0.00000E+00  0.00000E+00 -3.69818E+00 -9.59996E-01 -1.15300E+00
   1.00000E-01  0.00000E+00 -2.19849E-08 -2.04802E-08 -1.94633E+00 -3.27772E-02 -3.71444E-01  2.00000E-01  0.00000E+00 -3.54953E-08 -3.92146E-08 -2.28744E+00 -1.35110E-01 -3.27485E-01  2.00000E-01  1.00000E-01 -2.07444E-08 -3.62997E-08 -1.90865E+00  9.28188E-02 -4.90832E-01  1.00000E-01  1.00000E-01 -1.03112E-08 -1.64323E-08 -2.24976E+00 -9.51387E-03 -4.46873E-01
   2.00000E-01  0.00000E+00 -3.54953E-08 -3.92146E-08 -1.46308E+00 -1.29172E-02 -2.60999E-01  3.00000E-01  0.00000E+00 -4.46456E-08 -5.81714E-08 -1.57533E+00 -4.65918E-02 -2.37551E-01  3.00000E-01  1.00000E-01 -2.88821E-08 -5.58609E-08 -1.44298E+00  5.40777E-02 -3.00286E-01  2.00000E-01  1.00000E-01 -2.07444E-08 -3.62997E-08 -1.55523E+00  2.04031E-02 -2.76838E-01
   3.00000E-01  0.00000E+00 -4.46456E-08 -5.81714E-08 -1.06731E+00 -1.27282E-03 -2.08684E-01  4.00000E-01  0.00000E+00 -5.09535E-08 -7.67566E-08 -1.09563E+00 -9.76712E-03 -1.84817E-01  4.00000E-01  1.00000E-01 -3.49346E-08 -7.50612E-08 -1.04686E+00  6.69211E-02 -2.18595E-01  3.00000E-01  1.00000E-01 -2.88821E-08 -5.58609E-08 -1.07517E+00  5.84268E-02 -1.94727E-01
   4.00000E-01  0.00000E+00 -5.09535E-08 -7.67566E-08 -7.47669E-01  2.90625E-03 -1.72202E-01  5.00000E-01  0.00000E+00 -5.50957E-08 -9.48010E-08 -7.27702E-01  8.89655E-03 -1.52774E-01  5.00000E-01  1.00000E-01 -3.92569E-08 -9.36064E-08 -7.31017E-01  5.84135E-02 -1.65213E-01  4.00000E-01  1.00000E-01 -3.49346E-08 -7.50612E-08 -7.11050E-01  6.44038E-02 -1.45785E-01
   5.00000E-01  0.00000E+00 -5.50957E-08 -9.48010E-08 -4.92229E-01  5.02984E-03 -1.41175E-01  6.00000E-01  0.00000E+00 -5.75462E-08 -1.12045E-07 -4.39470E-01  2.08575E-02 -1.25402E-01  6.00000E-01  1.00000E-01 -4.21834E-08 -1.11257E-07 -4.78709E-01  5.00953E-02 -1.22709E-01  5.00000E-01  1.00000E-01 -3.92569E-08 -9.36064E-08 -4.25950E-01  6.59229E-02 -1.06936E-01
   6.00000E-01  0.00000E+00 -5.75462E-08 -1.12045E-07 -2.94326E-01  7.14236E-03 -1.09069E-01  7.00000E-01  0.00000E+00 -5.87226E-08 -1.28268E-07 -2.21183E-01  2.90853E-02 -9.71737E-02  7.00000E-01  1.00000E-01 -4.40196E-08 -1.27787E-07 -2.84130E-01  4.11286E-02 -8.34688E-02  6.00000E-01  1.00000E-01 -4.21834E-08 -1.11257E-07 -2.10987E-01  6.30715E-02 -7.15736E-02
   7.00000E-01  0.00000E+00 -5.87226E-08 -1.28268E-07 -1.51278E-01  1.14515E-02 -7.21881E-02  8.00000E-01  0.00000E+00 -5.90568E-08 -1.43338E-07 -7.37906E-02  3.46977E-02 -6.45058E-02  8.00000E-01  1.00000E-01 -4.50528E-08 -1.43055E-07 -1.44693E-01  3.34010E-02 -4.50675E-02  7.00000E-01  1.00000E-01 -4.40196E-08 -1.27787E-07 -6.72057E-02  5.66472E-02 -3.73852E-02
   8.00000E-01  0.00000E+00 -5.90568E-08 -1.43338E-07 -6.04030E-02  2.26504E-02 -2.98867E-02  9.00000E-01  0.00000E+00 -5.90155E-08 -1.57311E-07 -5.33330E-04  4.06113E-02 -2.74224E-02  9.00000E-01  1.00000E-01 -4.55516E-08 -1.57091E-07 -5.82907E-02  2.96914E-02 -8.93236E-03  8.00000E-01  1.00000E-01 -4.50528E-08 -1.43055E-07  1.57897E-03  4.76523E-02 -6.46801E-03
   9.00000E-01  0.00000E+00 -5.90155E-08 -1.57311E-07 -1.70500E-02  5.35374E-02  3.87267E-03  1.00000E+00  0.00000E+00 -5.90008E-08 -1.70629E-07  1.16551E-02  6.21489E-02 -1.82221E-03  1.00000E+00  1.00000E-01 -4.57958E-08 -1.70262E-07 -2.19313E-02  3.72663E-02  1.39195E-02  9.00000E-01  1.00000E-01 -4.55516E-08 -1.57091E-07  6.77382E-03  4.58778E-02  8.22459E-03
   0.00000E+00  1.00000E-01  0.00000E+00  0.00000E+00 -1.33283E+00 -2.99400E-01 -8.50780E-01  1.00000E-01  1.00000E-01 -1.03112E-08 -1.64323E-08 -1.78217E+00 -4.34203E-01 -8.79062E-01  1.00000E-01  2.00000E-01 -6.25766E-09 -1.57033E-08 -1.35707E+00 -3.80206E-01 -1.00805E+00  0.00000E+00  2.00000E-01  0.00000E+00  0.00000E+00 -1.80641E+00 -5.15009E-01 -1.03633E+00
   1.00000E-01  1.00000E-01 -1.03112E-08 -1.64323E-08 -1.25158E+00 -7.36134E-02 -7.67357E-01  2.00000E-01  1.00000E-01 -2.07444E-08 -3.62997E-08 -1.72893E+00 -2.16817E-01 -8.16488E-01  2.00000E-01  2.00000E-01 -1.23846E-08 -3.43044E-08 -1.29369E+00 -2.13989E-01 -9.34428E-01  1.00000E-01  2.00000E-01 -6.25766E-09 -1.57033E-08 -1.77104E+00 -3.57192E-01 -9.83559E-01
   2.00000E-01  1.00000E-01 -2.07444E-08 -3.62997E-08 -1.09326E+00  1.48319E-02 -6.30311E-01  3.00000E-01  1.00000E-01 -2.88821E-08 -5.58609E-08 -1.35399E+00 -6.33866E-02 -6.28676E-01  3.00000E-01  2.00000E-01 -1.81703E-08 -5.39077E-08 -1.09186E+00  1.95039E-02 -7.21566E-01  2.00000E-01  2.00000E-01 -1.23846E-08 -3.43044E-08 -1.35259E+00 -5.87146E-02 -7.19931E-01
   3.00000E-01  1.00000E-01 -2.88821E-08 -5.58609E-08 -8.67725E-01  4.69910E-02 -5.15919E-01  4.00000E-01  1.00000E-01 -3.49346E-08 -7.50612E-08 -1.00905E+00  4.59345E-03 -5.06362E-01  4.00000E-01  2.00000E-01 -2.29479E-08 -7.33544E-08 -8.59533E-01  7.42985E-02 -5.65383E-01  3.00000E-01  2.00000E-01 -1.81703E-08 -5.39077E-08 -1.00086E+00  3.19010E-02 -5.55825E-01
   4.00000E-01  1.00000E-01 -3.49346E-08 -7.50612E-08 -6.49406E-01  5.86597E-02 -4.24016E-01  5.00000E-01  1.00000E-01 -3.92569E-08 -9.36064E-08 -7.20349E-01  3.73766E-02 -4.11422E-01  5.00000E-01  2.00000E-01 -2.66302E-08 -9.22243E-08 -6.38610E-01  9.46440E-02 -4.48847E-01  4.00000E-01  2.00000E-01 -2.29479E-08 -7.33544E-08 -7.09554E-01  7.33610E-02 -4.36252E-01
   5.00000E-01  1.00000E-01 -3.92569E-08 -9.36064E-08 -4.58258E-01  6.09983E-02 -3.40756E-01  6.00000E-01  1.00000E-01 -4.21834E-08 -1.11257E-07 -4.86215E-01  5.26111E-02 -3.28643E-01  6.00000E-01  2.00000E-01 -2.93045E-08 -1.10187E-07 -4.47876E-01  9.56058E-02 -3.50541E-01  5.00000E-01  2.00000E-01 -2.66302E-08 -9.22243E-08 -4.75833E-01  8.72185E-02 -3.38428E-01
   6.00000E-01  1.00000E-01 -4.21834E-08 -1.11257E-07 -2.99722E-01  5.96602E-02 -2.58512E-01  7.00000E-01  1.00000E-01 -4.40196E-08 -1.27787E-07 -3.02306E-01  5.88851E-02 -2.47990E-01  7.00000E-01  2.00000E-01 -3.11174E-08 -1.26988E-07 -2.90703E-01  8.97239E-02 -2.59416E-01  6.00000E-01  2.00000E-01 -2.93045E-08 -1.10187E-07 -2.93286E-01  8.89489E-02 -2.48894E-01
   7.00000E-01  1.00000E-01 -4.40196E-08 -1.27787E-07 -1.73351E-01  5.98694E-02 -1.73766E-01  8.00000E-01  1.00000E-01 -4.50528E-08 -1.43055E-07 -1.64672E-01  6.24731E-02 -1.65970E-01  8.00000E-01  2.00000E-01 -3.22289E-08 -1.42457E-07 -1.66669E-01  8.21432E-02 -1.70728E-01  7.00000E-01  2.00000E-01 -3.11174E-08 -1.26988E-07 -1.57990E-01  8.47470E-02 -1.62932E-01
   8.00000E-01  1.00000E-01 -4.50528E-08 -1.43055E-07 -7.72060E-02  7.46911E-02 -8.88032E-02  9.00000E-01  1.00000E-01 -4.55516E-08 -1.57091E-07 -6.71716E-02  7.77014E-02 -8.69441E-02  9.00000E-01  2.00000E-01 -3.28182E-08 -1.56541E-07 -7.56125E-02  8.00028E-02 -8.52911E-02  8.00000E-01  2.00000E-01 -3.22289E-08 -1.42457E-07 -6.55781E-02  8.30131E-02 -8.34320E-02
   9.00000E-01  1.00000E-01 -4.55516E-08 -1.57091E-07 -1.40412E-02  1.44919E-01 -1.47158E-02  1.00000E+00  1.00000E-01 -4.57958E-08 -1.70262E-07 -2.09965E-03  1.48501E-01 -2.96517E-02  1.00000E+00  2.00000E-01 -3.31702E-08 -1.69327E-07 -2.68434E-02  1.02245E-01 -1.05362E-02  9.00000E-01  2.00000E-01 -3.28182E-08 -1.56541E-07 -1.49018E-02  1.05827E-01 -2.54721E-02
   0.00000E+00  2.00000E-01  0.00000E+00  0.00000E+00 -8.04257E-01 -2.36504E-01 -9.14953E-01  1.00000E-01  2.00000E-01 -6.25766E-09 -1.57033E-08 -1.09389E+00 -3.23393E-01 -9.16296E-01  1.00000E-01  3.00000E-01 -3.64489E-09 -1.56687E-08 -8.05409E-01 -2.40344E-01 -1.01632E+00  0.00000E+00  3.00000E-01  0.00000E+00  0.00000E+00 -1.09504E+00 -3.27232E-01 -1.01767E+00
   1.00000E-01  2.00000E-01 -6.25766E-09 -1.57033E-08 -7.57320E-01 -1.21464E-01 -9.01610E-01  2.00000E-01  2.00000E-01 -1.23846E-08 -3.43044E-08 -1.03857E+00 -2.05840E-01 -9.29675E-01  2.00000E-01  3.00000E-01 -7.23464E-09 -3.35464E-08 -7.81377E-01 -2.01652E-01 -1.00005E+00  1.00000E-01  3.00000E-01 -3.64489E-09 -1.56687E-08 -1.06263E+00 -2.86028E-01 -1.02811E+00
   2.00000E-01  2.00000E-01 -1.23846E-08 -3.43044E-08 -6.96371E-01 -9.99738E-03 -8.23582E-01  3.00000E-01  2.00000E-01 -1.81703E-08 -5.39077E-08 -9.51780E-01 -8.66201E-02 -8.42297E-01  3.00000E-01  3.00000E-01 -1.07162E-08 -5.26673E-08 -7.12413E-01 -6.34712E-02 -9.12975E-01  2.00000E-01  3.00000E-01 -7.23464E-09 -3.35464E-08 -9.67822E-01 -1.40094E-01 -9.31691E-01
   3.00000E-01  2.00000E-01 -1.81703E-08 -5.39077E-08 -5.95543E-01  4.50569E-02 -7.16412E-01  4.00000E-01  2.00000E-01 -2.29479E-08 -7.33544E-08 -7.77099E-01 -9.40991E-03 -7.18382E-01  4.00000E-01  3.00000E-01 -1.38560E-08 -7.20633E-08 -5.97231E-01  3.94300E-02 -7.79957E-01  3.00000E-01  3.00000E-01 -1.07162E-08 -5.26673E-08 -7.78787E-01 -1.50369E-02 -7.81927E-01
   4.00000E-01  2.00000E-01 -2.29479E-08 -7.33544E-08 -4.71047E-01  6.67956E-02 -6.05229E-01  5.00000E-01  2.00000E-01 -2.66302E-08 -9.22243E-08 -5.93555E-01  3.00431E-02 -6.00306E-01  5.00000E-01  3.00000E-01 -1.64332E-08 -9.10600E-08 -4.66827E-01  8.08610E-02 -6.48107E-01  4.00000E-01  3.00000E-01 -1.38560E-08 -7.20633E-08 -5.89336E-01  4.41085E-02 -6.43184E-01
   5.00000E-01  2.00000E-01 -2.66302E-08 -9.22243E-08 -3.47582E-01  7.15948E-02 -4.94663E-01  6.00000E-01  2.00000E-01 -2.93045E-08 -1.10187E-07 -4.26567E-01  4.78994E-02 -4.86904E-01  6.00000E-01  3.00000E-01 -1.83949E-08 -1.09222E-07 -3.40932E-01  9.37616E-02 -5.22307E-01  5.00000E-01  3.00000E-01 -1.64332E-08 -9.10600E-08 -4.19917E-01  7.00663E-02 -5.14549E-01
   6.00000E-01  2.00000E-01 -2.93045E-08 -1.10187E-07 -2.36111E-01  6.89747E-02 -3.83907E-01  7.00000E-01  2.00000E-01 -3.11174E-08 -1.26988E-07 -2.84343E-01  5.45052E-02 -3.75832E-01  7.00000E-01  3.00000E-01 -1.97727E-08 -1.26232E-07 -2.29190E-01  9.20449E-02 -4.00788E-01  6.00000E-01  3.00000E-01 -1.83949E-08 -1.09222E-07 -2.77422E-01  7.75753E-02 -3.92714E-01
   7.00000E-01  2.00000E-01 -3.11174E-08 -1.26988E-07 -1.40068E-01  6.83621E-02 -2.72564E-01  8.00000E-01  2.00000E-01 -3.22289E-08 -1.42457E-07 -1.67119E-01  6.02469E-02 -2.66442E-01  8.00000E-01  3.00000E-01 -2.06402E-08 -1.41858E-07 -1.34821E-01  8.58519E-02 -2.82032E-01  7.00000E-01  3.00000E-01 -1.97727E-08 -1.26232E-07 -1.61872E-01  7.77366E-02 -2.75910E-01
   8.00000E-01  2.00000E-01 -3.22289E-08 -1.42457E-07 -6.07566E-02  8.87763E-02 -1.60763E-01  9.00000E-01  2.00000E-01 -3.28182E-08 -1.56541E-07 -7.32788E-02  8.50197E-02 -1.61452E-01  9.00000E-01  3.00000E-01 -2.11165E-08 -1.55925E-07 -6.13470E-02  8.68084E-02 -1.65146E-01  8.00000E-01  3.00000E-01 -2.06402E-08 -1.41858E-07 -7.38692E-02  8.30517E-02 -1.65835E-01
   9.00000E-01  2.00000E-01 -3.28182E-08 -1.56541E-07 -4.06594E-03  1.73244E-01 -4.50782E-02  1.00000E+00  2.00000E-01 -3.31702E-08 -1.69327E-07 -8.45444E-03  1.71927E-01 -6.38876E-02  1.00000E+00  3.00000E-01 -2.14289E-08 -1.68226E-07 -2.01883E-02  1.19503E-01 -4.66142E-02  9.00000E-01  3.00000E-01 -2.11165E-08 -1.55925E-07 -2.45768E-02  1.18186E-01 -6.54236E-02
   0.00000E+00  3.00000E-01  0.00000E+00  0.00000E+00 -4.08691E-01 -1.32848E-01 -9.53797E-01  1.00000E-01  3.00000E-01 -3.64489E-09 -1.56687E-08 -6.24283E-01 -1.97525E-01 -9.50914E-01  1.00000E-01  4.00000E-01 -1.70002E-09 -1.57430E-08 -4.06220E-01 -1.24610E-01 -1.02925E+00  0.00000E+00  4.00000E-01  0.00000E+00  0.00000E+00 -6.21812E-01 -1.89287E-01 -1.02637E+00
   1.00000E-01  3.00000E-01 -3.64489E-09 -1.56687E-08 -3.86257E-01 -8.30691E-02 -9.50822E-01  2.00000E-01  3.00000E-01 -7.23464E-09 -3.35464E-08 -6.00132E-01 -1.47231E-01 -9.63715E-01  2.00000E-01  4.00000E-01 -3.36038E-09 -3.32884E-08 -3.97309E-01 -1.19907E-01 -1.02568E+00  1.00000E-01  4.00000E-01 -1.70002E-09 -1.57430E-08 -6.11183E-01 -1.84069E-01 -1.03857E+00
   2.00000E-01  3.00000E-01 -7.23464E-09 -3.35464E-08 -3.59116E-01 -1.55549E-02 -9.08823E-01  3.00000E-01  3.00000E-01 -1.07162E-08 -5.26673E-08 -5.63326E-01 -7.68177E-02 -9.22085E-01  3.00000E-01  4.00000E-01 -4.99975E-09 -5.20675E-08 -3.70484E-01 -5.34460E-02 -9.80297E-01  2.00000E-01  4.00000E-01 -3.36038E-09 -3.32884E-08 -5.74693E-01 -1.14709E-01 -9.93558E-01
   3.00000E-01  3.00000E-01 -1.07162E-08 -5.26673E-08 -3.16580E-01  3.12891E-02 -8.25385E-01  4.00000E-01  3.00000E-01 -1.38560E-08 -7.20633E-08 -4.95667E-01 -2.24370E-02 -8.31428E-01  4.00000E-01  4.00000E-01 -6.52400E-09 -7.13077E-08 -3.21760E-01  1.40237E-02 -8.88065E-01  3.00000E-01  4.00000E-01 -4.99975E-09 -5.20675E-08 -5.00847E-01 -3.97024E-02 -8.94108E-01
   4.00000E-01  3.00000E-01 -1.38560E-08 -7.20633E-08 -2.59189E-01  5.21873E-02 -7.17188E-01  5.00000E-01  3.00000E-01 -1.64332E-08 -9.10600E-08 -4.00318E-01  9.84879E-03 -7.16606E-01  5.00000E-01  4.00000E-01 -7.82801E-09 -9.03194E-08 -2.58690E-01  5.38524E-02 -7.66583E-01  4.00000E-01  4.00000E-01 -6.52400E-09 -7.13077E-08 -3.99818E-01  1.15138E-02 -7.66001E-01
   5.00000E-01  3.00000E-01 -1.64332E-08 -9.10600E-08 -1.96145E-01  5.68818E-02 -5.97673E-01  6.00000E-01  3.00000E-01 -1.83949E-08 -1.09222E-07 -3.00356E-01  2.56186E-02 -5.93826E-01  6.00000E-01  4.00000E-01 -8.84964E-09 -1.08581E-07 -1.92848E-01  6.78740E-02 -6.34147E-01  5.00000E-01  4.00000E-01 -7.82801E-09 -9.03194E-08 -2.97058E-01  3.66107E-02 -6.30300E-01
   6.00000E-01  3.00000E-01 -1.83949E-08 -1.09222E-07 -1.35348E-01  5.41926E-02 -4.73966E-01  7.00000E-01  3.00000E-01 -1.97727E-08 -1.26232E-07 -2.07051E-01  3.26818E-02 -4.69104E-01  7.00000E-01  4.00000E-01 -9.58066E-09 -1.25716E-07 -1.31181E-01  6.80831E-02 -4.99062E-01  6.00000E-01  4.00000E-01 -8.84964E-09 -1.08581E-07 -2.02884E-01  4.65723E-02 -4.94200E-01
   7.00000E-01  3.00000E-01 -1.97727E-08 -1.26232E-07 -8.01736E-02  5.33912E-02 -3.48790E-01  8.00000E-01  3.00000E-01 -2.06402E-08 -1.41858E-07 -1.24720E-01  4.00271E-02 -3.45207E-01  8.00000E-01  4.00000E-01 -1.00463E-08 -1.41435E-07 -7.71021E-02  6.36295E-02 -3.64381E-01  7.00000E-01  4.00000E-01 -9.58066E-09 -1.25716E-07 -1.21649E-01  5.02655E-02 -3.60798E-01
   8.00000E-01  3.00000E-01 -2.06402E-08 -1.41858E-07 -3.23476E-02  7.03150E-02 -2.19592E-01  9.00000E-01  3.00000E-01 -2.11165E-08 -1.55925E-07 -5.63014E-02  6.31289E-02 -2.21278E-01  9.00000E-01  4.00000E-01 -1.03065E-08 -1.55458E-07 -3.37923E-02  6.54993E-02 -2.27976E-01  8.00000E-01  4.00000E-01 -1.00463E-08 -1.41435E-07 -5.77461E-02  5.83132E-02 -2.29662E-01
   9.00000E-01  3.00000E-01 -2.11165E-08 -1.55925E-07  4.24253E-03  1.35260E-01 -7.30545E-02  1.00000E+00  3.00000E-01 -2.14289E-08 -1.68226E-07 -1.04321E-02  1.30858E-01 -8.77981E-02  1.00000E+00  4.00000E-01 -1.04865E-08 -1.67379E-07 -8.39482E-03  9.31358E-02 -7.81906E-02  9.00000E-01  4.00000E-01 -1.03065E-08 -1.55458E-07 -2.30694E-02  8.87334E-02 -9.29342E-02
   0.00000E+00  4.00000E-01  0.00000E+00  0.00000E+00 -7.06288E-02 -2.61991E-02 -9.69757E-01  1.00000E-01  4.00000E-01 -1.70002E-09 -1.57430E-08 -2.59078E-01 -8.27337E-02 -9.68346E-01  1.00000E-01  5.00000E-01  1.01330E-23 -1.57793E-08 -6.94196E-02 -2.21684E-02 -1.03571E+00  0.00000E+00  5.00000E-01  0.00000E+00  0.00000E+00 -2.57868E-01 -7.87031E-02 -1.03430E+00
   1.00000E-01  4.00000E-01 -1.70002E-09 -1.57430E-08 -6.51383E-02 -1.27772E-02 -9.71769E-01  2.00000E-01  4.00000E-01 -3.36038E-09 -3.32884E-08 -2.49192E-01 -6.79932E-02 -9.75463E-01  2.00000E-01  5.00000E-01  2.36780E-23 -3.32296E-08 -6.83039E-02 -2.33294E-02 -1.03619E+00  1.00000E-01  5.00000E-01  1.01330E-23 -1.57793E-08 -2.52357E-01 -7.85454E-02 -1.03988E+00
   2.00000E-01  4.00000E-01 -3.36038E-09 -3.32884E-08 -5.78289E-02  9.00373E-03 -9.43069E-01  3.00000E-01  4.00000E-01 -4.99975E-09 -5.20675E-08 -2.39555E-01 -4.55142E-02 -9.47595E-01  3.00000E-01  5.00000E-01  3.92911E-23 -5.18920E-08 -6.17079E-02 -3.92651E-03 -1.00667E+00  2.00000E-01  5.00000E-01  2.36780E-23 -3.32296E-08 -2.43434E-01 -5.84444E-02 -1.01120E+00
   3.00000E-01  4.00000E-01 -4.99975E-09 -5.20675E-08 -4.87131E-02  2.52203E-02 -8.72646E-01  4.00000E-01  4.00000E-01 -6.52400E-09 -7.13077E-08 -2.17678E-01 -2.54691E-02 -8.75229E-01  4.00000E-01  5.00000E-01  3.99115E-23 -7.10656E-08 -5.09274E-02  1.78395E-02 -9.31783E-01  3.00000E-01  5.00000E-01  3.92911E-23 -5.18920E-08 -2.19892E-01 -3.28499E-02 -9.34367E-01
   4.00000E-01  4.00000E-01 -6.52400E-09 -7.13077E-08 -3.85770E-02  3.19029E-02 -7.69608E-01  5.00000E-01  4.00000E-01 -7.82801E-09 -9.03194E-08 -1.83129E-01 -1.14627E-02 -7.69942E-01  5.00000E-01  5.00000E-01  4.34270E-23 -9.00688E-08 -3.88626E-02  3.09510E-02 -8.20202E-01  4.00000E-01  5.00000E-01  3.99115E-23 -7.10656E-08 -1.83415E-01 -1.24147E-02 -8.20535E-01
   5.00000E-01  4.00000E-01 -7.82801E-09 -9.03194E-08 -2.83090E-02  3.13741E-02 -6.48494E-01  6.00000E-01  4.00000E-01 -8.84964E-09 -1.08581E-07 -1.41558E-01 -2.60055E-03 -6.47388E-01  6.00000E-01  5.00000E-01  4.05319E-23 -1.08359E-07 -2.73615E-02  3.45326E-02 -6.88131E-01  5.00000E-01  5.00000E-01  4.34270E-23 -9.00688E-08 -1.40610E-01  5.57917E-04 -6.87025E-01
   6.00000E-01  4.00000E-01 -8.84964E-09 -1.08581E-07 -1.87213E-02  2.75660E-02 -5.20194E-01  7.00000E-01  4.00000E-01 -9.58066E-09 -1.25716E-07 -9.97554E-02  3.25572E-03 -5.18608E-01  7.00000E-01  5.00000E-01  3.01921E-23 -1.25535E-07 -1.73620E-02  3.20970E-02 -5.48556E-01  6.00000E-01  5.00000E-01  4.05319E-23 -1.08359E-07 -9.83961E-02  7.78673E-03 -5.46970E-01
   7.00000E-01  4.00000E-01 -9.58066E-09 -1.25716E-07 -9.79021E-03  2.46724E-02 -3.89373E-01  8.00000E-01  4.00000E-01 -1.00463E-08 -1.41435E-07 -6.14048E-02  9.18806E-03 -3.88228E-01  8.00000E-01  5.00000E-01  2.27475E-23 -1.41283E-07 -8.80951E-03  2.79414E-02 -4.07438E-01  7.00000E-01  5.00000E-01  3.01921E-23 -1.25535E-07 -6.04241E-02  1.24571E-02 -4.06294E-01
   8.00000E-01  4.00000E-01 -1.00463E-08 -1.41435E-07 -8.56221E-04  2.91711E-02 -2.52322E-01  9.00000E-01  4.00000E-01 -1.03065E-08 -1.55458E-07 -2.97006E-02  2.05178E-02 -2.53140E-01  9.00000E-01  5.00000E-01  1.65436E-23 -1.55285E-07 -1.55787E-03  2.68323E-02 -2.62417E-01  8.00000E-01  5.00000E-01  2.27475E-23 -1.41283E-07 -3.04022E-02  1.81790E-02 -2.63236E-01
   9.00000E-01  4.00000E-01 -1.03065E-08 -1.55458E-07  9.08403E-03  5.24323E-02 -9.14727E-02  1.00000E+00  4.00000E-01 -1.04865E-08 -1.67379E-07 -1.08680E-02  4.64467E-02 -9.69631E-02  1.00000E+00  5.00000E-01  3.97047E-23 -1.67064E-07  4.37796E-03  3.67455E-02 -9.84559E-02  9.00000E-01  5.00000E-01  1.65436E-23 -1.55285E-07 -1.55741E-02  3.07598E-02 -1.03946E-01
   0.00000E+00  5.00000E-01  0.00000E+00  0.00000E+00  2.59078E-01  8.27337E-02 -9.68346E-01  1.00000E-01  5.00000E-01  1.01330E-23 -1.57793E-08  7.06288E-02  2.61991E-02 -9.69757E-01  1.00000E-01  6.00000E-01  1.70002E-09 -1.57430E-08  2.57868E-01  7.87031E-02 -1.03430E+00  0.00000E+00  6.00000E-01  0.00000E+00  0.00000E+00  6.94196E-02  2.21684E-02 -1.03571E+00
   1.00000E-01  5.00000E-01  1.01330E-23 -1.57793E-08  2.49192E-01  6.79932E-02 -9.75463E-01  2.00000E-01  5.00000E-01  2.36780E-23 -3.32296E-08  6.51383E-02  1.27772E-02 -9.71769E-01  2.00000E-01  6.00000E-01  3.36038E-09 -3.32884E-08  2.52357E-01  7.85454E-02 -1.03988E+00  1.00000E-01  6.00000E-01  1.70002E-09 -1.57430E-08  6.83039E-02  2.33294E-02 -1.03619E+00
   2.00000E-01  5.00000E-01  2.36780E-23 -3.32296E-08  2.39555E-01  4.55142E-02 -9.47595E-01  3.00000E-01  5.00000E-01  3.92911E-23 -5.18920E-08  5.78289E-02 -9.00373E-03 -9.43069E-01  3.00000E-01  6.00000E-01  4.99975E-09 -5.20675E-08  2.43434E-01  5.84444E-02 -1.01120E+00  2.00000E-01  6.00000E-01  3.36038E-09 -3.32884E-08  6.17079E-02  3.92651E-03 -1.00667E+00
   3.00000E-01  5.00000E-01  3.92911E-23 -5.18920E-08  2.17678E-01  2.54691E-02 -8.75229E-01  4.00000E-01  5.00000E-01  3.99115E-23 -7.10656E-08  4.87131E-02 -2.52203E-02 -8.72646E-01  4.00000E-01  6.00000E-01  6.52400E-09 -7.13077E-08  2.19892E-01  3.28499E-02 -9.34367E-01  3.00000E-01  6.00000E-01  4.99975E-09 -5.20675E-08  5.09274E-02 -1.78395E-02 -9.31783E-01
   4.00000E-01  5.00000E-01  3.99115E-23 -7.10656E-08  1.83129E-01  1.14627E-02 -7.69942E-01  5.00000E-01  5.00000E-01  4.34270E-23 -9.00688E-08  3.85770E-02 -3.19029E-02 -7.69608E-01  5.00000E-01  6.00000E-01  7.82801E-09 -9.03194E-08  1.83415E-01  1.24147E-02 -8.20535E-01  4.00000E-01  6.00000E-01  6.52400E-09 -7.13077E-08  3.88626E-02 -3.09510E-02 -8.20202E-01
   5.00000E-01  5.00000E-01  4.34270E-23 -9.00688E-08  1.41558E-01  2.60055E-03 -6.47388E-01  6.00000E-01  5.00000E-01  4.05319E-23 -1.08359E-07  2.83090E-02 -3.13741E-02 -6.48494E-01  6.00000E-01  6.00000E-01  8.84964E-09 -1.08581E-07  1.40610E-01 -5.57917E-04 -6.87025E-01  5.00000E-01  6.00000E-01  7.82801E-09 -9.03194E-08  2.73615E-02 -3.45326E-02 -6.88131E-01
   6.00000E-01  5.00000E-01  4.05319E-23 -1.08359E-07  9.97554E-02 -3.25572E-03 -5.18608E-01  7.00000E-01  5.00000E-01  3.01921E-23 -1.25535E-07  1.87213E-02 -2.75660E-02 -5.20194E-01  7.00000E-01  6.00000E-01  9.58066E-09 -1.25716E-07  9.83961E-02 -7.78673E-03 -5.46970E-01  6.00000E-01  6.00000E-01  8.84964E-09 -1.08581E-07  1.73620E-02 -3.20970E-02 -5.48556E-01
   7.00000E-01  5.00000E-01  3.01921E-23 -1.25535E-07  6.14048E-02 -9.18806E-03 -3.88228E-01  8.00000E-01  5.00000E-01  2.27475E-23 -1.41283E-07  9.79021E-03 -2.46724E-02 -3.89373E-01  8.00000E-01  6.00000E-01  1.00463E-08 -1.41435E-07  6.04241E-02 -1.24571E-02 -4.06294E-01  7.00000E-01  6.00000E-01  9.58066E-09 -1.25716E-07  8.80951E-03 -2.79414E-02 -4.07438E-01
   8.00000E-01  5.00000E-01  2.27475E-23 -1.41283E-07  2.97006E-02 -2.05178E-02 -2.53140E-01  9.00000E-01  5.00000E-01  1.65436E-23 -1.55285E-07  8.56221E-04 -2.91711E-02 -2.52322E-01  9.00000E-01  6.00000E-01  1.03065E-08 -1.55458E-07  3.04022E-02 -1.81790E-02 -2.63236E-01  8.00000E-01  6.00000E-01  1.00463E-08 -1.41435E-07  1.55787E-03 -2.68323E-02 -2.62417E-01
   9.00000E-01  5.00000E-01  1.65436E-23 -1.55285E-07  1.08680E-02 -4.64467E-02 -9.69631E-02  1.00000E+00  5.00000E-01  3.97047E-23 -1.67064E-07 -9.08403E-03 -5.24323E-02 -9.14727E-02  1.00000E+00  6.00000E-01  1.04865E-08 -1.67379E-07  1.55741E-02 -3.07598E-02 -1.03946E-01  9.00000E-01  6.00000E-01  1.03065E-08 -1.55458E-07 -4.37796E-03 -3.67455E-02 -9.84559E-02
   0.00000E+00  6.00000E-01  0.00000E+00  0.00000E+00  6.24283E-01  1.97525E-01 -9.50914E-01  1.00000E-01  6.00000E-01  1.70002E-09 -1.57430E-08  4.08691E-01  1.32848E-01 -9.53797E-01  1.00000E-01  7.00000E-01  3.64489E-09 -1.56687E-08  6.21812E-01  1.89287E-01 -1.02637E+00  0.00000E+00  7.00000E-01  0.00000E+00  0.00000E+00  4.06220E-01  1.24610E-01 -1.02925E+00
   1.00000E-01  6.00000E-01  1.70002E-09 -1.57430E-08  6.00132E-01  1.47231E-01 -9.63715E-01  2.00000E-01  6.00000E-01  3.36038E-09 -3.32884E-08  3.86257E-01  8.30691E-02 -9.50822E-01  2.00000E-01  7.00000E-01  7.23464E-09 -3.35464E-08  6.11183E-01  1.84069E-01 -1.03857E+00  1.00000E-01  7.00000E-01  3.64489E-09 -1.56687E-08  3.97309E-01  1.19907E-01 -1.02568E+00
   2.00000E-01  6.00000E-01  3.36038E-09 -3.32884E-08  5.63326E-01  7.68177E-02 -9.22085E-01  3.00000E-01  6.00000E-01  4.99975E-09 -5.20675E-08  3.59116E-01  1.55549E-02 -9.08823E-01  3.00000E-01  7.00000E-01  1.07162E-08 -5.26673E-08  5.74693E-01  1.14709E-01 -9.93558E-01  2.00000E-01  7.00000E-01  7.23464E-09 -3.35464E-08  3.70484E-01  5.34460E-02 -9.80297E-01
   3.00000E-01  6.00000E-01  4.99975E-09 -5.20675E-08  4.95667E-01  2.24370E-02 -8.31428E-01  4.00000E-01  6.00000E-01  6.52400E-09 -7.13077E-08  3.16580E-01 -3.12891E-02 -8.25385E-01  4.00000E-01  7.00000E-01  1.38560E-08 -7.20633E-08  5.00847E-01  3.97024E-02 -8.94108E-01  3.00000E-01  7.00000E-01  1.07162E-08 -5.26673E-08  3.21760E-01 -1.40237E-02 -8.88065E-01
   4.00000E-01  6.00000E-01  6.52400E-09 -7.13077E-08  4.00318E-01 -9.84879E-03 -7.16606E-01  5.00000E-01  6.00000E-01  7.82801E-09 -9.03194E-08  2.59189E-01 -5.21873E-02 -7.17188E-01  5.00000E-01  7.00000E-01  1.64332E-08 -9.10600E-08  3.99818E-01 -1.15138E-02 -7.66001E-01  4.00000E-01  7.00000E-01  1.38560E-08 -7.20633E-08  2.58690E-01 -5.38524E-02 -7.66583E-01
   5.00000E-01  6.00000E-01  7.82801E-09 -9.03194E-08  3.00356E-01 -2.56186E-02 -5.93826E-01  6.00000E-01  6.00000E-01  8.84964E-09 -1.08581E-07  1.96145E-01 -5.68818E-02 -5.97673E-01  6.00000E-01  7.00000E-01  1.83949E-08 -1.09222E-07  2.97058E-01 -3.66107E-02 -6.30300E-01  5.00000E-01  7.00000E-01  1.64332E-08 -9.10600E-08  1.92848E-01 -6.78740E-02 -6.34147E-01
   6.00000E-01  6.00000E-01  8.84964E-09 -1.08581E-07  2.07051E-01 -3.26818E-02 -4.69104E-01  7.00000E-01  6.00000E-01  9.58066E-09 -1.25716E-07  1.35348E-01 -5.41926E-02 -4.73966E-01  7.00000E-01  7.00000E-01  1.97727E-08 -1.26232E-07  2.02884E-01 -4.65723E-02 -4.94200E-01  6.00000E-01  7.00000E-01  1.83949E-08 -1.09222E-07  1.31181E-01 -6.80831E-02 -4.99062E-01
   7.00000E-01  6.00000E-01  9.58066E-09 -1.25716E-07  1.24720E-01 -4.00271E-02 -3.45207E-01  8.00000E-01  6.00000E-01  1.00463E-08 -1.41435E-07  8.01736E-02 -5.33912E-02 -3.48790E-01  8.00000E-01  7.00000E-01  2.06402E-08 -1.41858E-07  1.21649E-01 -5.02655E-02 -3.60798E-01  7.00000E-01  7.00000E-01  1.97727E-08 -1.26232E-07  7.71021E-02 -6.36295E-02 -3.64381E-01
   8.00000E-01  6.00000E-01  1.00463E-08 -1.41435E-07  5.63014E-02 -6.31289E-02 -2.21278E-01  9.00000E-01  6.00000E-01  1.03065E-08 -1.55458E-07  3.23476E-02 -7.03150E-02 -2.19592E-01  9.00000E-01  7.00000E-01  2.11165E-08 -1.55925E-07  5.77461E-02 -5.83132E-02 -2.29662E-01  8.00000E-01  7.00000E-01  2.06402E-08 -1.41858E-07  3.37923E-02 -6.54993E-02 -2.27976E-01
   9.00000E-01  6.00000E-01  1.03065E-08 -1.55458E-07  1.04321E-02 -1.30858E-01 -8.77981E-02  1.00000E+00  6.00000E-01  1.04865E-08 -1.67379E-07 -4.24253E-03 -1.35260E-01 -7.30545E-02  1.00000E+00  7.00000E-01  2.14289E-08 -1.68226E-07  2.30694E-02 -8.87334E-02 -9.29342E-02  9.00000E-01  7.00000E-01  2.11165E-08 -1.55925E-07  8.39482E-03 -9.31358E-02 -7.81906E-02
   0.00000E+00  7.00000E-01  0.00000E+00  0.00000E+00  1.09389E+00  3.23393E-01 -9.16296E-01  1.00000E-01  7.00000E-01  3.64489E-09 -1.56687E-08  8.04257E-01  2.36504E-01 -9.14953E-01  1.00000E-01  8.00000E-01  6.25766E-09 -1.57033E-08  1.09504E+00  3.27232E-01 -1.01767E+00  0.00000E+00  8.00000E-01  0.00000E+00  0.00000E+00  8.05409E-01  2.40344E-01 -1.01632E+00
   1.00000E-01  7.00000E-01  3.64489E-09 -1.56687E-08  1.03857E+00  2.05840E-01 -9.29675E-01  2.00000E-01  7.00000E-01  7.23464E-09 -3.35464E-08  7.57320E-01  1.21464E-01 -9.01610E-01  2.00000E-01  8.00000E-01  1.23846E-08 -3.43044E-08  1.06263E+00  2.86028E-01 -1.02811E+00  1.00000E-01  8.00000E-01  6.25766E-09 -1.57033E-08  7.81377E-01  2.01652E-01 -1.00005E+00
   2.00000E-01  7.00000E-01  7.23464E-09 -3.35464E-08  9.51780E-01  8.66201E-02 -8.42297E-01  3.00000E-01  7.00000E-01  1.07162E-08 -5.26673E-08  6.96371E-01  9.99738E-03 -8.23582E-01  3.00000E-01  8.00000E-01  1.81703E-08 -5.39077E-08  9.67822E-01  1.40094E-01 -9.31691E-01  2.00000E-01  8.00000E-01  1.23846E-08 -3.43044E-08  7.12413E-01  6.34712E-02 -9.12975E-01
   3.00000E-01  7.00000E-01  1.07162E-08 -5.26673E-08  7.77099E-01  9.40991E-03 -7.18382E-01  4.00000E-01  7.00000E-01  1.38560E-08 -7.20633E-08  5.95543E-01 -4.50569E-02 -7.16412E-01  4.00000E-01  8.00000E-01  2.29479E-08 -7.33544E-08  7.78787E-01  1.50369E-02 -7.81927E-01  3.00000E-01  8.00000E-01  1.81703E-08 -5.39077E-08  5.97231E-01 -3.94300E-02 -7.79957E-01
   4.00000E-01  7.00000E-01  1.38560E-08 -7.20633E-08  5.93555E-01 -3.00431E-02 -6.00306E-01  5.00000E-01  7.00000E-01  1.64332E-08 -9.10600E-08  4.71047E-01 -6.67956E-02 -6.05229E-01  5.00000E-01  8.00000E-01  2.66302E-08 -9.22243E-08  5.89336E-01 -4.41085E-02 -6.43184E-01  4.00000E-01  8.00000E-01  2.29479E-08 -7.33544E-08  4.66827E-01 -8.08610E-02 -6.48107E-01
   5.00000E-01  7.00000E-01  1.64332E-08 -9.10600E-08  4.26567E-01 -4.78994E-02 -4.86904E-01  6.00000E-01  7.00000E-01  1.83949E-08 -1.09222E-07  3.47582E-01 -7.15948E-02 -4.94663E-01  6.00000E-01  8.00000E-01  2.93045E-08 -1.10187E-07  4.19917E-01 -7.00663E-02 -5.14549E-01  5.00000E-01  8.00000E-01  2.66302E-08 -9.22243E-08  3.40932E-01 -9.37616E-02 -5.22307E-01
   6.00000E-01  7.00000E-01  1.83949E-08 -1.09222E-07  2.84343E-01 -5.45052E-02 -3.75832E-01  7.00000E-01  7.00000E-01  1.97727E-08 -1.26232E-07  2.36111E-01 -6.89747E-02 -3.83907E-01  7.00000E-01  8.00000E-01  3.11174E-08 -1.26988E-07  2.77422E-01 -7.75753E-02 -3.92714E-01  6.00000E-01  8.00000E-01  2.93045E-08 -1.10187E-07  2.29190E-01 -9.20449E-02 -4.00788E-01
   7.00000E-01  7.00000E-01  1.97727E-08 -1.26232E-07  1.67119E-01 -6.02469E-02 -2.66442E-01  8.00000E-01  7.00000E-01  2.06402E-08 -1.41858E-07  1.40068E-01 -6.83621E-02 -2.72564E-01  8.00000E-01  8.00000E-01  3.22289E-08 -1.42457E-07  1.61872E-01 -7.77366E-02 -2.75910E-01  7.00000E-01  8.00000E-01  3.11174E-08 -1.26988E-07  1.34821E-01 -8.58519E-02 -2.82032E-01
   8.00000E-01  7.00000E-01  2.06402E-08 -1.41858E-07  7.32788E-02 -8.50197E-02 -1.61452E-01  9.00000E-01  7.00000E-01  2.11165E-08 -1.55925E-07  6.07566E-02 -8.87763E-02 -1.60763E-01  9.00000E-01  8.00000E-01  3.28182E-08 -1.56541E-07  7.38692E-02 -8.30517E-02 -1.65835E-01  8.00000E-01  8.00000E-01  3.22289E-08 -1.42457E-07  6.13470E-02 -8.68084E-02 -1.65146E-01
   9.00000E-01  7.00000E-01  2.11165E-08 -1.55925E-07  8.45444E-03 -1.71927E-01 -6.38876E-02  1.00000E+00  7.00000E-01  2.14289E-08 -1.68226E-07  4.06594E-03 -1.73244E-01 -4.50782E-02  1.00000E+00  8.00000E-01  3.31702E-08 -1.69327E-07  2.45768E-02 -1.18186E-01 -6.54236E-02  9.00000E-01  8.00000E-01  3.28182E-08 -1.56541E-07  2.01883E-02 -1.19503E-01 -4.66142E-02
   0.00000E+00  8.00000E-01  0.00000E+00  0.00000E+00  1.78217E+00  4.34203E-01 -8.79062E-01  1.00000E-01  8.00000E-01  6.25766E-09 -1.57033E-08  1.33283E+00  2.99400E-01 -8.50780E-01  1.00000E-01  9.00000E-01  1.03112E-08 -1.64323E-08  1.80641E+00  5.15009E-01 -1.03633E+00  0.00000E+00  9.00000E-01  0.00000E+00  0.00000E+00  1.35707E+00  3.80206E-01 -1.00805E+00
   1.00000E-01  8.00000E-01  6.25766E-09 -1.57033E-08  1.72893E+00  2.16817E-01 -8.16488E-01  2.00000E-01  8.00000E-01  1.23846E-08 -3.43044E-08  1.25158E+00  7.36134E-02 -7.67357E-01  2.00000E-01  9.00000E-01  2.07444E-08 -3.62997E-08  1.77104E+00  3.57192E-01 -9.83559E-01  1.00000E-01  9.00000E-01  1.03112E-08 -1.64323E-08  1.29369E+00  2.13989E-01 -9.34428E-01
   2.00000E-01  8.00000E-01  1.23846E-08 -3.43044E-08  1.35399E+00  6.33866E-02 -6.28676E-01  3.00000E-01  8.00000E-01  1.81703E-08 -5.39077E-08  1.09326E+00 -1.48319E-02 -6.30311E-01  3.00000E-01  9.00000E-01  2.88821E-08 -5.58609E-08  1.35259E+00  5.87146E-02 -7.19931E-01  2.00000E-01  9.00000E-01  2.07444E-08 -3.62997E-08  1.09186E+00 -1.95039E-02 -7.21566E-01
   3.00000E-01  8.00000E-01  1.81703E-08 -5.39077E-08  1.00905E+00 -4.59345E-03 -5.06362E-01  4.00000E-01  8.00000E-01  2.29479E-08 -7.33544E-08  8.67725E-01 -4.69910E-02 -5.15919E-01  4.00000E-01  9.00000E-01  3.49346E-08 -7.50612E-08  1.00086E+00 -3.19010E-02 -5.55825E-01  3.00000E-01  9.00000E-01  2.88821E-08 -5.58609E-08  8.59533E-01 -7.42985E-02 -5.65383E-01
   4.00000E-01  8.00000E-01  2.29479E-08 -7.33544E-08  7.20349E-01 -3.73766E-02 -4.11422E-01  5.00000E-01  8.00000E-01  2.66302E-08 -9.22243E-08  6.49406E-01 -5.86597E-02 -4.24016E-01  5.00000E-01  9.00000E-01  3.92569E-08 -9.36064E-08  7.09554E-01 -7.33610E-02 -4.36252E-01  4.00000E-01  9.00000E-01  3.49346E-08 -7.50612E-08  6.38610E-01 -9.46440E-02 -4.48847E-01
   5.00000E-01  8.00000E-01  2.66302E-08 -9.22243E-08  4.86215E-01 -5.26111E-02 -3.28643E-01  6.00000E-01  8.00000E-01  2.93045E-08 -1.10187E-07  4.58258E-01 -6.09983E-02 -3.40756E-01  6.00000E-01  9.00000E-01  4.21834E-08 -1.11257E-07  4.75833E-01 -8.72185E-02 -3.38428E-01  5.00000E-01  9.00000E-01  3.92569E-08 -9.36064E-08  4.47876E-01 -9.56058E-02 -3.50541E-01
   6.00000E-01  8.00000E-01  2.93045E-08 -1.10187E-07  3.02306E-01 -5.88851E-02 -2.47990E-01  7.00000E-01  8.00000E-01  3.11174E-08 -1.26988E-07  2.99722E-01 -5.96602E-02 -2.58512E-01  7.00000E-01  9.00000E-01  4.40196E-08 -1.27787E-07  2.93286E-01 -8.89489E-02 -2.48894E-01  6.00000E-01  9.00000E-01  4.21834E-08 -1.11257E-07  2.90703E-01 -8.97239E-02 -2.59416E-01
   7.00000E-01  8.00000E-01  3.11174E-08 -1.26988E-07  1.64672E-01 -6.24731E-02 -1.65970E-01  8.00000E-01  8.00000E-01  3.22289E-08 -1.42457E-07  1.73351E-01 -5.98694E-02 -1.73766E-01  8.00000E-01  9.00000E-01  4.50528E-08 -1.43055E-07  1.57990E-01 -8.47470E-02 -1.62932E-01  7.00000E-01  9.00000E-01  4.40196E-08 -1.27787E-07  1.66669E-01 -8.21432E-02 -1.70728E-01
   8.00000E-01  8.00000E-01  3.22289E-08 -1.42457E-07  6.71716E-02 -7.77014E-02 -8.69441E-02  9.00000E-01  8.00000E-01  3.28182E-08 -1.56541E-07  7.72060E-02 -7.46911E-02 -8.88032E-02  9.00000E-01  9.00000E-01  4.55516E-08 -1.57091E-07  6.55781E-02 -8.30131E-02 -8.34320E-02  8.00000E-01  9.00000E-01  4.50528E-08 -1.43055E-07  7.56125E-02 -8.00028E-02 -8.52911E-02
   9.00000E-01  8.00000E-01  3.28182E-08 -1.56541E-07  2.09965E-03 -1.48501E-01 -2.96517E-02  1.00000E+00  8.00000E-01  3.31702E-08 -1.69327E-07  1.40412E-02 -1.44919E-01 -1.47158E-02  1.00000E+00  9.00000E-01  4.57958E-08 -1.70262E-07  1.49018E-02 -1.05827E-01 -2.54721E-02  9.00000E-01  9.00000E-01  4.55516E-08 -1.57091E-07  2.68434E-02 -1.02245E-01 -1.05362E-02
   0.00000E+00  9.00000E-01  0.00000E+00  0.00000E+00  3.56357E+00  5.11282E-01 -7.00088E-01  1.00000E-01  9.00000E-01  1.03112E-08 -1.64323E-08  2.26952E+00  1.23068E-01 -5.43038E-01  1.00000E-01  1.00000E+00  2.19849E-08 -2.04802E-08  3.69818E+00  9.59996E-01 -1.15300E+00  0.00000E+00  1.00000E+00  0.00000E+00  0.00000E+00  2.40414E+00  5.71782E-01 -9.95954E-01
   1.00000E-01  9.00000E-01  1.03112E-08 -1.64323E-08  2.28744E+00  1.35110E-01 -3.27485E-01  2.00000E-01  9.00000E-01  2.07444E-08 -3.62997E-08  1.94633E+00  3.27772E-02 -3.71444E-01  2.00000E-01  1.00000E+00  3.54953E-08 -3.92146E-08  2.24976E+00  9.51387E-03 -4.46873E-01  1.00000E-01  1.00000E+00  2.19849E-08 -2.04802E-08  1.90865E+00 -9.28188E-02 -4.90832E-01
   2.00000E-01  9.00000E-01  2.07444E-08 -3.62997E-08  1.57533E+00  4.65918E-02 -2.37551E-01  3.00000E-01  9.00000E-01  2.88821E-08 -5.58609E-08  1.46308E+00  1.29172E-02 -2.60999E-01  3.00000E-01  1.00000E+00  4.46456E-08 -5.81714E-08  1.55523E+00 -2.04031E-02 -2.76838E-01  2.00000E-01  1.00000E+00  3.54953E-08 -3.92146E-08  1.44298E+00 -5.40777E-02 -3.00286E-01
   3.00000E-01  9.00000E-01  2.88821E-08 -5.58609E-08  1.09563E+00  9.76712E-03 -1.84817E-01  4.00000E-01  9.00000E-01  3.49346E-08 -7.50612E-08  1.06731E+00  1.27282E-03 -2.08684E-01  4.00000E-01  1.00000E+00  5.09535E-08 -7.67566E-08  1.07517E+00 -5.84268E-02 -1.94727E-01  3.00000E-01  1.00000E+00  4.46456E-08 -5.81714E-08  1.04686E+00 -6.69211E-02 -2.18595E-01
   4.00000E-01  9.00000E-01  3.49346E-08 -7.50612E-08  7.27702E-01 -8.89655E-03 -1.52774E-01  5.00000E-01  9.00000E-01  3.92569E-08 -9.36064E-08  7.47669E-01 -2.90625E-03 -1.72202E-01  5.00000E-01  1.00000E+00  5.50957E-08 -9.48010E-08  7.11050E-01 -6.44038E-02 -1.45785E-01  4.00000E-01  1.00000E+00  5.09535E-08 -7.67566E-08  7.31017E-01 -5.84135E-02 -1.65213E-01
   5.00000E-01  9.00000E-01  3.92569E-08 -9.36064E-08  4.39470E-01 -2.08575E-02 -1.25402E-01  6.00000E-01  9.00000E-01  4.21834E-08 -1.11257E-07  4.92229E-01 -5.02984E-03 -1.41175E-01  6.00000E-01  1.00000E+00  5.75462E-08 -1.12045E-07  4.25950E-01 -6.59229E-02 -1.06936E-01  5.00000E-01  1.00000E+00  5.50957E-08 -9.48010E-08  4.78709E-01 -5.00953E-02 -1.22709E-01
   6.00000E-01  9.00000E-01  4.21834E-08 -1.11257E-07  2.21183E-01 -2.90853E-02 -9.71737E-02  7.00000E-01  9.00000E-01  4.40196E-08 -1.27787E-07  2.94326E-01 -7.14236E-03 -1.09069E-01  7.00000E-01  1.00000E+00  5.87226E-08 -1.28268E-07  2.10987E-01 -6.30715E-02 -7.15736E-02  6.00000E-01  1.00000E+00  5.75462E-08 -1.12045E-07  2.84130E-01 -4.11286E-02 -8.34688E-02
   7.00000E-01  9.00000E-01  4.40196E-08 -1.27787E-07  7.37906E-02 -3.46977E-02 -6.45058E-02  8.00000E-01  9.00000E-01  4.50528E-08 -1.43055E-07  1.51278E-01 -1.14515E-02 -7.21881E-02  8.00000E-01  1.00000E+00  5.90568E-08 -1.43338E-07  6.72057E-02 -5.66472E-02 -3.73852E-02  7.00000E-01  1.00000E+00  5.87226E-08 -1.28268E-07  1.44693E-01 -3.34010E-02 -4.50675E-02
   8.00000E-01  9.00000E-01  4.50528E-08 -1.43055E-07  5.33330E-04 -4.06113E-02 -2.74224E-02  9.00000E-01  9.00000E-01  4.55516E-08 -1.57091E-07  6.04030E-02 -2.26504E-02 -2.98867E-02  9.00000E-01  1.00000E+00  5.90155E-08 -1.57311E-07 -1.57897E-03 -4.76523E-02 -6.46801E-03  8.00000E-01  1.00000E+00  5.90568E-08 -1.43338E-07  5.82907E-02 -2.96914E-02 -8.93236E-03
   9.00000E-01  9.00000E-01  4.55516E-08 -1.57091E-07 -1.16551E-02 -6.21489E-02 -1.82221E-03  1.00000E+00  9.00000E-01  4.57958E-08 -1.70262E-07  1.70500E-02 -5.35374E-02  3.87267E-03  1.00000E+00  1.00000E+00  5.90008E-08 -1.70629E-07 -6.77382E-03 -4.58778E-02  8.22459E-03  9.00000E-01  1.00000E+00  5.90155E-08 -1.57311E-07  2.19313E-02 -3.72663E-02  1.39195E-02
